solveTime = 0.011999845504760742
isOptimal = true
solution = [0.0 0.0 0.0 1.0 0.0 0.0 0.0 0.0 0.0 0.0; 0.0 0.0 0.0 0.0 0.0 0.0 0.0 0.0 0.0 0.0; 0.0 0.0 0.0 0.0 0.0 0.0 0.0 0.0 0.0 0.0; 0.0 0.0 0.0 0.0 0.0 0.0 0.0 0.0 0.0 0.0; 0.0 0.0 0.0 0.0 1.0 0.0 0.0 0.0 0.0 0.0; 0.0 0.0 0.0 0.0 0.0 0.0 0.0 0.0 1.0 0.0; 0.0 0.0 0.0 0.0 0.0 0.0 0.0 1.0 0.0 0.0; 0.0 0.0 0.0 0.0 0.0 0.0 0.0 0.0 0.0 0.0; 0.0 0.0 1.0 0.0 0.0 0.0 0.0 0.0 0.0 0.0; 0.0 0.0 0.0 0.0 0.0 0.0 0.0 0.0 0.0 0.0]
# solution trouvée
# |------+------+------+------+------+------+------+------+------+------+
# |  5   |  4   |  2   |      |  1   |  3   |  7   |  6   |  9   | 10   |
# |------+------+------+------+------+------+------+------+------+------+
# |  7   | 10   |  3   |  9   |  2   |  4   |  1   |  8   |  5   |  6   |
# |------+------+------+------+------+------+------+------+------+------+
# | 10   |  5   |  8   |  7   |  4   |  6   |  2   |  3   |  1   |  9   |
# |------+------+------+------+------+------+------+------+------+------+
# |  8   |  1   |  5   |  6   |  7   |  2   | 10   |  9   |  4   |  3   |
# |------+------+------+------+------+------+------+------+------+------+
# |  2   |  6   |  7   | 10   |      |  8   |  9   |  1   |  3   |  4   |
# |------+------+------+------+------+------+------+------+------+------+
# |  4   |  7   |  9   |  3   |  6   |  5   |  8   |  2   |      |  1   |
# |------+------+------+------+------+------+------+------+------+------+
# |  3   |  2   | 10   |  5   |  8   |  9   |  4   |      |  6   |  7   |
# |------+------+------+------+------+------+------+------+------+------+
# |  6   |  3   |  4   |  2   |  9   |  1   |  5   |  7   | 10   |  8   |
# |------+------+------+------+------+------+------+------+------+------+
# |  9   |  8   |      |  4   |  3   |  7   |  6   | 10   |  2   |  5   |
# |------+------+------+------+------+------+------+------+------+------+
# |  1   |  9   |  6   |  8   |  5   | 10   |  3   |  4   |  7   |  2   |
# |------+------+------+------+------+------+------+------+------+------+
