solveTime = 0.010999917984008789
isOptimal = true
solution = [0.0 0.0 0.0 0.0 0.0 0.0 0.0 0.0 0.0 0.0 0.0; 0.0 0.0 0.0 0.0 1.0 0.0 0.0 0.0 0.0 0.0 0.0; 1.0 0.0 0.0 0.0 0.0 0.0 0.0 0.0 0.0 0.0 0.0; 0.0 0.0 0.0 1.0 0.0 0.0 0.0 0.0 0.0 0.0 0.0; 0.0 0.0 0.0 0.0 0.0 0.0 0.0 0.0 0.0 0.0 0.0; 0.0 0.0 0.0 0.0 0.0 0.0 1.0 0.0 0.0 0.0 0.0; 0.0 0.0 0.0 0.0 0.0 1.0 0.0 0.0 0.0 0.0 0.0; 0.0 0.0 0.0 0.0 0.0 0.0 1.0 0.0 0.0 0.0 0.0; 0.0 0.0 0.0 0.0 0.0 0.0 0.0 0.0 1.0 0.0 0.0; 0.0 1.0 0.0 0.0 0.0 0.0 0.0 0.0 0.0 0.0 0.0; 0.0 0.0 0.0 0.0 0.0 0.0 0.0 0.0 0.0 1.0 0.0]
# solution trouvée
# |------+------+------+------+------+------+------+------+------+------+------+
# |  9   |  6   |  1   |  8   |  4   | 10   |  7   |  2   |  3   | 11   |  5   |
# |------+------+------+------+------+------+------+------+------+------+------+
# |  3   |  1   |  5   |  9   |      |  6   | 11   |  8   |  2   |  4   | 10   |
# |------+------+------+------+------+------+------+------+------+------+------+
# |      |  2   |  8   | 11   |  6   |  4   |  5   |  1   |  9   | 10   |  7   |
# |------+------+------+------+------+------+------+------+------+------+------+
# | 10   |  9   |  3   |      |  5   | 11   |  4   |  6   |  1   |  2   |  8   |
# |------+------+------+------+------+------+------+------+------+------+------+
# |  2   |  5   |  6   | 10   |  7   |  3   |  8   |  4   | 11   |  9   |  1   |
# |------+------+------+------+------+------+------+------+------+------+------+
# |  1   |  4   |  7   |  5   | 10   |  9   |      | 11   |  8   |  6   |  3   |
# |------+------+------+------+------+------+------+------+------+------+------+
# |  7   |  8   | 10   |  6   |  3   |      |  2   |  9   |  5   |  1   |  4   |
# |------+------+------+------+------+------+------+------+------+------+------+
# |  8   | 11   |  4   |  3   |  9   |  5   |      | 10   |  6   |  7   |  2   |
# |------+------+------+------+------+------+------+------+------+------+------+
# |  4   | 10   |  9   |  7   |  2   |  1   |  6   |  3   |      |  8   | 11   |
# |------+------+------+------+------+------+------+------+------+------+------+
# |  5   |      | 11   |  4   |  1   |  2   |  9   |  7   | 10   |  3   |  6   |
# |------+------+------+------+------+------+------+------+------+------+------+
# | 11   |  3   |  2   |  1   |  8   |  7   | 10   |  5   |  4   |      |  9   |
# |------+------+------+------+------+------+------+------+------+------+------+
