solveTime = 0.04799985885620117
isOptimal = true
solution = [1.0 0.0 0.0 0.0 0.0 0.0 0.0 0.0 0.0 0.0 0.0 0.0; 0.0 0.0 0.0 0.0 0.0 0.0 0.0 0.0 0.0 0.0 0.0 0.0; 0.0 0.0 0.0 0.0 0.0 0.0 0.0 0.0 0.0 0.0 0.0 0.0; 0.0 0.0 0.0 0.0 0.0 0.0 0.0 0.0 0.0 0.0 0.0 0.0; 0.0 0.0 0.0 0.0 0.0 0.0 0.0 0.0 0.0 1.0 0.0 0.0; 0.0 0.0 1.0 0.0 0.0 0.0 0.0 0.0 0.0 0.0 0.0 0.0; 0.0 0.0 0.0 0.0 0.0 0.0 1.0 0.0 0.0 0.0 0.0 0.0; 0.0 0.0 0.0 0.0 0.0 0.0 0.0 0.0 0.0 0.0 0.0 0.0; 0.0 0.0 0.0 0.0 0.0 0.0 0.0 1.0 0.0 0.0 0.0 0.0; 0.0 0.0 0.0 0.0 0.0 0.0 0.0 0.0 0.0 0.0 0.0 1.0; 0.0 0.0 1.0 0.0 0.0 0.0 0.0 0.0 0.0 0.0 0.0 0.0; 0.0 0.0 0.0 0.0 0.0 0.0 0.0 0.0 0.0 0.0 0.0 1.0]
# solution trouvée
# |------+------+------+------+------+------+------+------+------+------+------+------+
# |      |  5   |  3   | 11   |  7   | 10   |  2   |  1   |  9   |  6   | 12   |  8   |
# |------+------+------+------+------+------+------+------+------+------+------+------+
# |  6   |  3   |  8   | 10   | 12   |  5   |  7   |  2   | 11   |  1   |  4   |  9   |
# |------+------+------+------+------+------+------+------+------+------+------+------+
# | 12   |  2   |  5   |  9   |  8   |  3   |  4   | 11   |  7   | 10   |  1   |  6   |
# |------+------+------+------+------+------+------+------+------+------+------+------+
# |  3   | 12   | 11   |  8   | 10   |  6   |  1   |  9   |  4   |  7   |  5   |  2   |
# |------+------+------+------+------+------+------+------+------+------+------+------+
# |  9   |  1   | 12   |  2   |  4   |  7   |  5   |  8   |  6   |      | 11   | 10   |
# |------+------+------+------+------+------+------+------+------+------+------+------+
# |  4   | 11   |      |  3   |  6   | 12   |  9   | 10   |  5   |  2   |  8   |  7   |
# |------+------+------+------+------+------+------+------+------+------+------+------+
# |  5   |  6   |  9   |  7   |  1   |  4   |      | 12   | 10   |  8   |  2   |  3   |
# |------+------+------+------+------+------+------+------+------+------+------+------+
# |  7   |  4   |  1   |  5   | 11   |  2   |  3   |  6   |  8   |  9   | 10   | 12   |
# |------+------+------+------+------+------+------+------+------+------+------+------+
# |  8   |  7   |  6   |  1   |  2   | 11   | 12   |      |  3   |  4   |  9   |  5   |
# |------+------+------+------+------+------+------+------+------+------+------+------+
# |  1   |  8   |  2   |  6   |  3   |  9   | 10   |  4   | 12   |  5   |  7   |      |
# |------+------+------+------+------+------+------+------+------+------+------+------+
# | 10   |  9   |      | 12   |  5   |  1   |  8   |  7   |  2   |  3   |  6   | 11   |
# |------+------+------+------+------+------+------+------+------+------+------+------+
# |  2   | 10   |  7   |  4   |  9   |  8   | 11   |  5   |  1   | 12   |  3   |      |
# |------+------+------+------+------+------+------+------+------+------+------+------+
