solveTime = 0.011999845504760742
isOptimal = true
solution = [0.0 0.0 0.0 1.0 0.0 0.0 0.0 0.0 0.0; 0.0 0.0 0.0 0.0 0.0 0.0 0.0 0.0 0.0; 0.0 0.0 0.0 0.0 0.0 0.0 0.0 0.0 0.0; 0.0 0.0 0.0 0.0 0.0 0.0 0.0 1.0 0.0; 0.0 0.0 0.0 0.0 0.0 1.0 0.0 0.0 0.0; 0.0 0.0 0.0 0.0 0.0 0.0 0.0 0.0 1.0; 0.0 0.0 1.0 0.0 0.0 0.0 0.0 0.0 0.0; 0.0 0.0 0.0 0.0 0.0 0.0 1.0 0.0 0.0; 0.0 0.0 0.0 0.0 0.0 1.0 0.0 0.0 0.0]
# solution trouvée
# |----+----+----+----+----+----+----+----+----+
# | 5  | 7  | 4  |    | 6  | 9  | 2  | 3  | 8  |
# |----+----+----+----+----+----+----+----+----+
# | 3  | 6  | 8  | 7  | 1  | 2  | 5  | 4  | 9  |
# |----+----+----+----+----+----+----+----+----+
# | 8  | 2  | 6  | 1  | 4  | 5  | 9  | 7  | 3  |
# |----+----+----+----+----+----+----+----+----+
# | 2  | 4  | 5  | 3  | 7  | 8  | 6  |    | 1  |
# |----+----+----+----+----+----+----+----+----+
# | 7  | 5  | 9  | 2  | 3  |    | 4  | 8  | 6  |
# |----+----+----+----+----+----+----+----+----+
# | 1  | 3  | 7  | 6  | 9  | 4  | 8  | 2  |    |
# |----+----+----+----+----+----+----+----+----+
# | 9  | 8  |    | 5  | 2  | 3  | 1  | 6  | 4  |
# |----+----+----+----+----+----+----+----+----+
# | 4  | 1  | 3  | 8  | 5  | 7  |    | 9  | 2  |
# |----+----+----+----+----+----+----+----+----+
# | 6  | 9  | 1  | 4  | 8  |    | 3  | 5  | 7  |
# |----+----+----+----+----+----+----+----+----+
