solveTime = 0.015000104904174805
isOptimal = true
solution = [0.0 0.0 0.0 0.0 0.0 1.0 0.0 0.0 0.0; 0.0 0.0 1.0 0.0 0.0 0.0 0.0 0.0 0.0; 0.0 0.0 0.0 0.0 0.0 0.0 1.0 0.0 0.0; 0.0 0.0 0.0 0.0 0.0 0.0 0.0 0.0 0.0; 0.0 0.0 0.0 0.0 0.0 0.0 0.0 0.0 1.0; 0.0 0.0 0.0 0.0 0.0 0.0 0.0 0.0 0.0; 0.0 0.0 0.0 0.0 0.0 1.0 0.0 0.0 0.0; 0.0 0.0 0.0 0.0 0.0 0.0 1.0 0.0 0.0; 0.0 0.0 0.0 0.0 1.0 0.0 0.0 0.0 0.0]
# solution trouvée
# |----+----+----+----+----+----+----+----+----+
# | 7  | 5  | 4  | 3  | 1  |    | 2  | 6  | 9  |
# |----+----+----+----+----+----+----+----+----+
# | 2  | 7  |    | 1  | 8  | 3  | 5  | 9  | 6  |
# |----+----+----+----+----+----+----+----+----+
# | 4  | 6  | 8  | 2  | 7  | 5  |    | 1  | 3  |
# |----+----+----+----+----+----+----+----+----+
# | 3  | 4  | 9  | 5  | 2  | 7  | 6  | 8  | 1  |
# |----+----+----+----+----+----+----+----+----+
# | 8  | 1  | 6  | 9  | 3  | 2  | 7  | 5  |    |
# |----+----+----+----+----+----+----+----+----+
# | 1  | 2  | 3  | 8  | 5  | 6  | 9  | 4  | 7  |
# |----+----+----+----+----+----+----+----+----+
# | 9  | 3  | 7  | 4  | 6  |    | 1  | 2  | 5  |
# |----+----+----+----+----+----+----+----+----+
# | 6  | 8  | 1  | 7  | 9  | 4  |    | 3  | 2  |
# |----+----+----+----+----+----+----+----+----+
# | 5  | 9  | 2  | 6  |    | 8  | 3  | 7  | 4  |
# |----+----+----+----+----+----+----+----+----+
