solveTime = 0.013000011444091797
isOptimal = true
solution = [0.0 0.0 0.0 1.0 0.0 0.0 0.0 0.0 0.0 0.0 0.0 0.0; 0.0 0.0 0.0 0.0 0.0 0.0 0.0 0.0 0.0 0.0 0.0 0.0; 0.0 1.0 0.0 0.0 0.0 0.0 0.0 0.0 0.0 0.0 0.0 0.0; 0.0 0.0 0.0 0.0 0.0 0.0 0.0 0.0 0.0 0.0 0.0 0.0; 0.0 0.0 0.0 0.0 0.0 0.0 0.0 0.0 0.0 0.0 0.0 1.0; 0.0 0.0 0.0 0.0 0.0 0.0 0.0 0.0 0.0 0.0 0.0 0.0; 0.0 0.0 0.0 0.0 0.0 0.0 0.0 0.0 0.0 0.0 0.0 0.0; 0.0 0.0 0.0 0.0 0.0 0.0 0.0 1.0 0.0 0.0 0.0 0.0; 0.0 0.0 0.0 0.0 1.0 0.0 0.0 0.0 0.0 0.0 0.0 0.0; 0.0 0.0 0.0 0.0 0.0 0.0 0.0 1.0 0.0 0.0 0.0 0.0; 0.0 0.0 0.0 0.0 0.0 0.0 0.0 0.0 1.0 0.0 0.0 0.0; 0.0 0.0 0.0 1.0 0.0 0.0 0.0 0.0 0.0 0.0 0.0 0.0]
# solution trouvée
# |------+------+------+------+------+------+------+------+------+------+------+------+
# |  2   |  8   |  3   |      | 12   |  1   |  9   |  6   | 11   |  5   |  4   |  7   |
# |------+------+------+------+------+------+------+------+------+------+------+------+
# |  4   |  6   | 10   |  9   |  5   |  3   |  2   | 11   | 12   |  7   |  1   |  8   |
# |------+------+------+------+------+------+------+------+------+------+------+------+
# |  9   |      |  1   |  2   |  4   |  6   |  8   |  3   | 10   | 12   | 11   |  5   |
# |------+------+------+------+------+------+------+------+------+------+------+------+
# | 10   |  7   |  9   |  5   | 11   |  8   | 12   |  4   |  1   |  3   |  6   |  2   |
# |------+------+------+------+------+------+------+------+------+------+------+------+
# |  8   |  3   |  6   |  7   |  2   | 10   |  5   |  9   |  4   |  1   | 12   |      |
# |------+------+------+------+------+------+------+------+------+------+------+------+
# | 11   |  5   |  8   |  1   | 10   |  2   |  6   | 12   |  9   |  4   |  7   |  3   |
# |------+------+------+------+------+------+------+------+------+------+------+------+
# | 12   | 11   |  2   | 10   |  1   |  4   |  7   |  5   |  3   |  9   |  8   |  6   |
# |------+------+------+------+------+------+------+------+------+------+------+------+
# |  7   |  1   |  5   | 12   |  9   | 11   |  3   |      |  8   | 10   |  2   |  4   |
# |------+------+------+------+------+------+------+------+------+------+------+------+
# |  6   |  2   |  7   |  4   |      |  9   |  1   | 10   |  5   | 11   |  3   | 12   |
# |------+------+------+------+------+------+------+------+------+------+------+------+
# |  5   |  4   | 12   |  6   |  3   |  7   | 11   |      |  2   |  8   | 10   |  1   |
# |------+------+------+------+------+------+------+------+------+------+------+------+
# |  1   | 12   |  4   |  8   |  7   |  5   | 10   |  2   |      |  6   |  9   | 11   |
# |------+------+------+------+------+------+------+------+------+------+------+------+
# |  3   |  9   | 11   |      |  8   | 12   |  4   |  7   |  6   |  2   |  5   | 10   |
# |------+------+------+------+------+------+------+------+------+------+------+------+
