solveTime = 0.009000062942504883
isOptimal = true
solution = [0.0 0.0 0.0 0.0 0.0 0.0 0.0; 0.0 0.0 0.0 0.0 0.0 0.0 0.0; 0.0 0.0 0.0 0.0 0.0 0.0 0.0; 0.0 0.0 0.0 1.0 0.0 0.0 0.0; 0.0 0.0 0.0 0.0 0.0 0.0 1.0; 1.0 0.0 0.0 0.0 0.0 0.0 0.0; 0.0 0.0 0.0 0.0 0.0 0.0 1.0]
# solution trouvée
# |----+----+----+----+----+----+----+
# | 7  | 2  | 5  | 3  | 4  | 1  | 6  |
# |----+----+----+----+----+----+----+
# | 5  | 3  | 1  | 6  | 7  | 4  | 2  |
# |----+----+----+----+----+----+----+
# | 6  | 7  | 2  | 4  | 3  | 5  | 1  |
# |----+----+----+----+----+----+----+
# | 2  | 1  | 4  |    | 6  | 7  | 3  |
# |----+----+----+----+----+----+----+
# | 4  | 6  | 7  | 1  | 5  | 2  |    |
# |----+----+----+----+----+----+----+
# |    | 5  | 6  | 2  | 1  | 3  | 7  |
# |----+----+----+----+----+----+----+
# | 1  | 4  | 3  | 5  | 2  | 6  |    |
# |----+----+----+----+----+----+----+
