solveTime = 0.01100015640258789
isOptimal = true
solution = [0.0 0.0 0.0 0.0 0.0 0.0 0.0 0.0; 0.0 0.0 0.0 0.0 0.0 0.0 0.0 0.0; 0.0 0.0 0.0 0.0 0.0 0.0 0.0 0.0; 1.0 0.0 0.0 0.0 0.0 0.0 0.0 1.0; 0.0 0.0 0.0 0.0 1.0 0.0 0.0 0.0; 0.0 0.0 0.0 0.0 0.0 0.0 0.0 1.0; 0.0 0.0 0.0 0.0 0.0 0.0 0.0 0.0; 0.0 0.0 0.0 1.0 0.0 0.0 0.0 0.0]
# solution trouvée
# |----+----+----+----+----+----+----+----+
# | 8  | 2  | 6  | 1  | 3  | 5  | 4  | 7  |
# |----+----+----+----+----+----+----+----+
# | 6  | 4  | 3  | 2  | 1  | 7  | 5  | 8  |
# |----+----+----+----+----+----+----+----+
# | 7  | 6  | 4  | 8  | 5  | 3  | 1  | 2  |
# |----+----+----+----+----+----+----+----+
# |    | 3  | 8  | 4  | 6  | 2  | 7  |    |
# |----+----+----+----+----+----+----+----+
# | 2  | 8  | 1  | 6  |    | 4  | 3  | 5  |
# |----+----+----+----+----+----+----+----+
# | 5  | 1  | 2  | 7  | 4  | 8  | 6  |    |
# |----+----+----+----+----+----+----+----+
# | 1  | 7  | 5  | 3  | 2  | 6  | 8  | 4  |
# |----+----+----+----+----+----+----+----+
# | 4  | 5  | 7  |    | 8  | 1  | 2  | 6  |
# |----+----+----+----+----+----+----+----+
