solveTime = 0.009999990463256836
isOptimal = true
solution = [0.0 0.0 0.0 0.0 1.0 0.0 0.0 0.0 0.0 0.0 0.0; 0.0 0.0 0.0 0.0 0.0 1.0 0.0 0.0 0.0 0.0 0.0; 0.0 0.0 0.0 0.0 0.0 0.0 0.0 0.0 0.0 0.0 0.0; 0.0 0.0 0.0 0.0 0.0 0.0 0.0 0.0 0.0 0.0 0.0; 0.0 0.0 0.0 0.0 0.0 0.0 0.0 0.0 0.0 1.0 0.0; 0.0 0.0 0.0 0.0 0.0 0.0 0.0 0.0 1.0 0.0 0.0; 0.0 0.0 0.0 0.0 0.0 0.0 0.0 0.0 0.0 0.0 0.0; 0.0 0.0 0.0 0.0 0.0 0.0 0.0 0.0 0.0 0.0 0.0; 0.0 0.0 0.0 0.0 0.0 0.0 1.0 0.0 0.0 0.0 0.0; 0.0 0.0 0.0 0.0 0.0 1.0 0.0 0.0 0.0 0.0 0.0; 0.0 0.0 0.0 0.0 0.0 0.0 0.0 0.0 0.0 0.0 1.0]
# solution trouvée
# |------+------+------+------+------+------+------+------+------+------+------+
# |  9   | 11   |  1   |  6   |      |  5   | 10   |  8   |  3   |  2   |  7   |
# |------+------+------+------+------+------+------+------+------+------+------+
# | 11   |  9   |  5   |  7   |  1   |      |  8   |  2   | 10   |  4   |  6   |
# |------+------+------+------+------+------+------+------+------+------+------+
# |  6   |  2   |  8   |  3   |  9   | 11   |  4   |  1   |  5   |  7   | 10   |
# |------+------+------+------+------+------+------+------+------+------+------+
# |  5   |  8   |  7   |  4   | 11   |  2   |  3   |  6   |  9   | 10   |  1   |
# |------+------+------+------+------+------+------+------+------+------+------+
# |  3   |  4   | 11   |  8   |  6   | 10   |  9   |  7   |  1   |      |  2   |
# |------+------+------+------+------+------+------+------+------+------+------+
# |  7   | 10   |  6   |  5   |  4   |  8   |  2   |  9   |      | 11   |  3   |
# |------+------+------+------+------+------+------+------+------+------+------+
# |  2   |  3   | 10   |  1   |  8   |  6   | 11   |  4   |  7   |  5   |  9   |
# |------+------+------+------+------+------+------+------+------+------+------+
# | 10   |  6   |  2   | 11   |  7   |  3   |  1   |  5   |  8   |  9   |  4   |
# |------+------+------+------+------+------+------+------+------+------+------+
# |  1   |  7   |  3   | 10   |  5   |  9   |      | 11   |  2   |  6   |  8   |
# |------+------+------+------+------+------+------+------+------+------+------+
# |  4   |  1   |  9   |  2   | 10   |      |  7   |  3   |  6   |  8   |  5   |
# |------+------+------+------+------+------+------+------+------+------+------+
# |  8   |  5   |  4   |  9   |  2   |  1   |  6   | 10   | 11   |  3   |      |
# |------+------+------+------+------+------+------+------+------+------+------+
