solveTime = 0.012000083923339844
isOptimal = true
solution = [0.0 0.0 0.0 0.0 0.0 0.0 0.0 0.0 0.0 0.0 0.0; 0.0 1.0 0.0 0.0 0.0 0.0 0.0 1.0 0.0 0.0 0.0; 0.0 0.0 0.0 0.0 0.0 0.0 0.0 0.0 0.0 0.0 0.0; 0.0 0.0 0.0 1.0 0.0 0.0 0.0 0.0 0.0 0.0 0.0; 0.0 0.0 1.0 0.0 0.0 0.0 0.0 0.0 0.0 0.0 0.0; 0.0 0.0 0.0 0.0 0.0 0.0 0.0 0.0 0.0 1.0 0.0; 0.0 0.0 0.0 0.0 1.0 0.0 0.0 0.0 0.0 0.0 0.0; 0.0 0.0 0.0 0.0 0.0 0.0 0.0 0.0 0.0 0.0 0.0; 0.0 0.0 0.0 0.0 0.0 0.0 0.0 0.0 0.0 0.0 0.0; 0.0 0.0 0.0 1.0 0.0 0.0 0.0 0.0 0.0 0.0 0.0; 0.0 0.0 0.0 0.0 0.0 0.0 0.0 0.0 0.0 1.0 0.0]
# solution trouvée
# |------+------+------+------+------+------+------+------+------+------+------+
# | 10   |  4   | 11   |  1   |  2   |  7   |  9   |  5   |  8   |  3   |  6   |
# |------+------+------+------+------+------+------+------+------+------+------+
# |  7   |      |  6   |  8   |  3   |  5   |  2   |      |  9   |  4   | 11   |
# |------+------+------+------+------+------+------+------+------+------+------+
# |  2   |  9   |  5   |  6   | 10   |  8   |  3   |  1   | 11   |  7   |  4   |
# |------+------+------+------+------+------+------+------+------+------+------+
# |  8   |  1   |  3   |      |  7   |  6   |  4   | 11   | 10   |  5   |  2   |
# |------+------+------+------+------+------+------+------+------+------+------+
# |  9   |  2   |      |  3   |  1   |  4   | 11   |  7   |  5   |  6   |  8   |
# |------+------+------+------+------+------+------+------+------+------+------+
# |  5   |  3   |  9   |  7   |  6   | 11   |  1   |  4   |  2   |      | 10   |
# |------+------+------+------+------+------+------+------+------+------+------+
# |  6   | 11   |  2   |  4   |      |  1   |  5   |  8   |  3   |  9   |  7   |
# |------+------+------+------+------+------+------+------+------+------+------+
# |  3   |  5   |  7   |  2   |  8   | 10   |  6   |  9   |  4   | 11   |  1   |
# |------+------+------+------+------+------+------+------+------+------+------+
# |  4   | 10   |  8   | 11   |  5   |  9   |  7   |  6   |  1   |  2   |  3   |
# |------+------+------+------+------+------+------+------+------+------+------+
# | 11   |  8   |  4   |      |  9   |  2   | 10   |  3   |  6   |  1   |  5   |
# |------+------+------+------+------+------+------+------+------+------+------+
# |  1   |  6   | 10   |  5   |  4   |  3   |  8   |  2   |  7   |      |  9   |
# |------+------+------+------+------+------+------+------+------+------+------+
