solveTime = 0.011999845504760742
isOptimal = true
solution = [0.0 0.0 0.0 0.0 0.0 0.0 0.0; 0.0 0.0 0.0 0.0 0.0 0.0 1.0; 0.0 0.0 0.0 0.0 1.0 0.0 0.0; 0.0 1.0 0.0 0.0 0.0 0.0 0.0; 0.0 0.0 0.0 0.0 0.0 0.0 0.0; 0.0 0.0 0.0 0.0 0.0 0.0 1.0; 0.0 0.0 0.0 1.0 0.0 0.0 0.0]
# solution trouvée
# |----+----+----+----+----+----+----+
# | 3  | 2  | 4  | 1  | 5  | 6  | 7  |
# |----+----+----+----+----+----+----+
# | 1  | 7  | 5  | 4  | 6  | 2  |    |
# |----+----+----+----+----+----+----+
# | 5  | 1  | 7  | 2  |    | 4  | 3  |
# |----+----+----+----+----+----+----+
# | 6  |    | 2  | 7  | 1  | 3  | 5  |
# |----+----+----+----+----+----+----+
# | 4  | 5  | 1  | 3  | 2  | 7  | 6  |
# |----+----+----+----+----+----+----+
# | 2  | 6  | 3  | 5  | 7  | 1  |    |
# |----+----+----+----+----+----+----+
# | 7  | 4  | 6  |    | 3  | 5  | 1  |
# |----+----+----+----+----+----+----+
