solveTime = 0.009999990463256836
isOptimal = true
solution = [0.0 0.0 0.0 0.0 0.0 0.0 0.0 0.0; 0.0 0.0 1.0 0.0 0.0 0.0 0.0 0.0; 0.0 0.0 0.0 0.0 0.0 0.0 0.0 0.0; 0.0 0.0 0.0 0.0 0.0 0.0 0.0 1.0; 0.0 0.0 0.0 0.0 0.0 0.0 0.0 0.0; 0.0 0.0 0.0 0.0 1.0 0.0 0.0 0.0; 0.0 0.0 1.0 0.0 0.0 0.0 0.0 0.0; 0.0 0.0 0.0 0.0 0.0 0.0 1.0 0.0]
# solution trouvée
# |----+----+----+----+----+----+----+----+
# | 4  | 2  | 6  | 7  | 8  | 1  | 3  | 5  |
# |----+----+----+----+----+----+----+----+
# | 6  | 5  |    | 3  | 7  | 2  | 8  | 4  |
# |----+----+----+----+----+----+----+----+
# | 2  | 4  | 3  | 6  | 5  | 8  | 7  | 1  |
# |----+----+----+----+----+----+----+----+
# | 1  | 7  | 8  | 4  | 3  | 5  | 2  |    |
# |----+----+----+----+----+----+----+----+
# | 3  | 8  | 5  | 1  | 2  | 4  | 6  | 7  |
# |----+----+----+----+----+----+----+----+
# | 8  | 6  | 1  | 5  |    | 7  | 4  | 3  |
# |----+----+----+----+----+----+----+----+
# | 7  | 1  |    | 8  | 6  | 3  | 5  | 2  |
# |----+----+----+----+----+----+----+----+
# | 5  | 3  | 7  | 2  | 1  | 6  |    | 8  |
# |----+----+----+----+----+----+----+----+
