solveTime = 0.010999917984008789
isOptimal = true
solution = [1.0 0.0 0.0 0.0 0.0 0.0 0.0 0.0; 0.0 0.0 0.0 0.0 0.0 0.0 0.0 1.0; 0.0 0.0 1.0 0.0 0.0 0.0 0.0 0.0; 0.0 0.0 0.0 0.0 0.0 0.0 1.0 0.0; 0.0 0.0 0.0 0.0 0.0 0.0 0.0 0.0; 0.0 0.0 1.0 0.0 0.0 0.0 0.0 0.0; 0.0 0.0 0.0 0.0 0.0 0.0 0.0 0.0; 0.0 1.0 0.0 0.0 0.0 0.0 0.0 0.0]
# solution trouvée
# |----+----+----+----+----+----+----+----+
# |    | 3  | 7  | 6  | 2  | 4  | 1  | 8  |
# |----+----+----+----+----+----+----+----+
# | 4  | 6  | 1  | 7  | 8  | 5  | 3  |    |
# |----+----+----+----+----+----+----+----+
# | 1  | 8  |    | 5  | 4  | 6  | 2  | 3  |
# |----+----+----+----+----+----+----+----+
# | 6  | 4  | 8  | 1  | 7  | 2  |    | 5  |
# |----+----+----+----+----+----+----+----+
# | 2  | 1  | 5  | 3  | 6  | 8  | 4  | 7  |
# |----+----+----+----+----+----+----+----+
# | 5  | 7  |    | 2  | 3  | 1  | 8  | 6  |
# |----+----+----+----+----+----+----+----+
# | 7  | 2  | 4  | 8  | 5  | 3  | 6  | 1  |
# |----+----+----+----+----+----+----+----+
# | 8  |    | 3  | 4  | 1  | 7  | 5  | 2  |
# |----+----+----+----+----+----+----+----+
