solveTime = 0.011999845504760742
isOptimal = true
solution = [0.0 0.0 1.0 0.0 1.0 0.0 0.0 0.0 0.0 0.0; 0.0 0.0 0.0 0.0 0.0 0.0 0.0 0.0 0.0 0.0; 0.0 0.0 0.0 0.0 0.0 1.0 0.0 0.0 0.0 0.0; 0.0 0.0 0.0 0.0 0.0 0.0 1.0 0.0 0.0 0.0; 0.0 0.0 0.0 0.0 0.0 0.0 0.0 0.0 0.0 0.0; 0.0 0.0 0.0 0.0 0.0 0.0 0.0 1.0 0.0 0.0; 0.0 0.0 0.0 0.0 0.0 0.0 0.0 0.0 0.0 0.0; 0.0 0.0 0.0 0.0 0.0 1.0 0.0 0.0 0.0 0.0; 0.0 0.0 0.0 0.0 0.0 0.0 0.0 0.0 0.0 0.0; 0.0 0.0 0.0 1.0 0.0 0.0 0.0 0.0 0.0 0.0]
# solution trouvée
# |------+------+------+------+------+------+------+------+------+------+
# |  6   |  1   |      |  2   |      |  7   |  8   |  9   | 10   |  5   |
# |------+------+------+------+------+------+------+------+------+------+
# |  5   |  8   |  1   |  3   |  2   | 10   |  9   |  4   |  7   |  6   |
# |------+------+------+------+------+------+------+------+------+------+
# |  8   |  6   |  5   |  7   |  1   |      |  4   |  2   |  3   | 10   |
# |------+------+------+------+------+------+------+------+------+------+
# |  2   |  4   | 10   |  9   |  8   |  5   |      |  7   |  1   |  3   |
# |------+------+------+------+------+------+------+------+------+------+
# |  7   |  5   |  8   | 10   |  6   |  4   |  1   |  3   |  2   |  9   |
# |------+------+------+------+------+------+------+------+------+------+
# |  3   |  7   |  6   |  8   |  4   |  2   | 10   |      |  5   |  1   |
# |------+------+------+------+------+------+------+------+------+------+
# | 10   |  3   |  7   |  1   |  9   |  8   |  5   |  6   |  4   |  2   |
# |------+------+------+------+------+------+------+------+------+------+
# |  1   | 10   |  3   |  6   |  7   |      |  2   |  8   |  9   |  4   |
# |------+------+------+------+------+------+------+------+------+------+
# |  9   |  2   |  4   |  5   |  3   |  1   |  6   | 10   |  8   |  7   |
# |------+------+------+------+------+------+------+------+------+------+
# |  4   |  9   |  2   |      | 10   |  3   |  7   |  5   |  6   |  8   |
# |------+------+------+------+------+------+------+------+------+------+
