solveTime = 0.01100015640258789
isOptimal = true
solution = [0.0 0.0 0.0 0.0 0.0 1.0 0.0 0.0 0.0 0.0; 0.0 0.0 0.0 0.0 0.0 0.0 0.0 0.0 0.0 0.0; 0.0 0.0 0.0 0.0 0.0 0.0 0.0 1.0 0.0 0.0; 0.0 0.0 0.0 0.0 1.0 0.0 0.0 0.0 0.0 0.0; 0.0 0.0 0.0 0.0 0.0 0.0 0.0 1.0 0.0 0.0; 0.0 0.0 1.0 0.0 0.0 0.0 0.0 0.0 0.0 0.0; 0.0 0.0 0.0 0.0 0.0 0.0 0.0 0.0 0.0 1.0; 0.0 0.0 0.0 0.0 0.0 0.0 0.0 1.0 0.0 0.0; 0.0 0.0 0.0 0.0 0.0 0.0 0.0 0.0 0.0 1.0; 0.0 0.0 0.0 0.0 0.0 0.0 0.0 1.0 0.0 0.0]
# solution trouvée
# |------+------+------+------+------+------+------+------+------+------+
# |  9   |  7   |  8   | 10   |  2   |      |  6   |  1   |  3   |  5   |
# |------+------+------+------+------+------+------+------+------+------+
# |  5   | 10   |  6   |  3   |  9   |  2   |  7   |  8   |  4   |  1   |
# |------+------+------+------+------+------+------+------+------+------+
# |  7   |  4   |  2   |  5   | 10   |  1   |  3   |      |  8   |  9   |
# |------+------+------+------+------+------+------+------+------+------+
# | 10   |  5   |  7   |  2   |      |  9   |  4   |  6   |  1   |  3   |
# |------+------+------+------+------+------+------+------+------+------+
# |  1   |  3   |  5   |  9   |  8   |  7   | 10   |      |  6   |  4   |
# |------+------+------+------+------+------+------+------+------+------+
# |  8   |  6   |      |  1   |  4   |  5   |  2   |  3   |  9   |  7   |
# |------+------+------+------+------+------+------+------+------+------+
# |  2   |  9   | 10   |  6   |  3   |  8   |  1   |  5   |  7   |      |
# |------+------+------+------+------+------+------+------+------+------+
# |  4   |  1   |  9   |  7   |  5   |  3   |  8   |      |  2   |  6   |
# |------+------+------+------+------+------+------+------+------+------+
# |  3   |  8   |  1   |  4   |  7   |  6   |  5   |  2   | 10   |      |
# |------+------+------+------+------+------+------+------+------+------+
# |  6   |  2   |  3   |  8   |  1   |  4   |  9   |      |  5   | 10   |
# |------+------+------+------+------+------+------+------+------+------+
