solveTime = 0.010999917984008789
isOptimal = true
solution = [0.0 0.0 0.0 0.0 0.0 0.0 0.0; 0.0 0.0 0.0 0.0 0.0 0.0 0.0; 0.0 0.0 0.0 0.0 0.0 0.0 1.0; 0.0 0.0 0.0 0.0 0.0 0.0 0.0; 0.0 0.0 0.0 0.0 1.0 0.0 0.0; 0.0 0.0 0.0 0.0 0.0 0.0 0.0; 0.0 0.0 1.0 0.0 0.0 0.0 0.0]
# solution trouvée
# |----+----+----+----+----+----+----+
# | 1  | 5  | 4  | 2  | 6  | 7  | 3  |
# |----+----+----+----+----+----+----+
# | 6  | 3  | 5  | 1  | 2  | 4  | 7  |
# |----+----+----+----+----+----+----+
# | 7  | 4  | 6  | 3  | 5  | 2  |    |
# |----+----+----+----+----+----+----+
# | 3  | 1  | 2  | 6  | 7  | 5  | 4  |
# |----+----+----+----+----+----+----+
# | 2  | 6  | 7  | 5  |    | 3  | 1  |
# |----+----+----+----+----+----+----+
# | 5  | 7  | 3  | 4  | 1  | 6  | 2  |
# |----+----+----+----+----+----+----+
# | 4  | 2  |    | 7  | 3  | 1  | 6  |
# |----+----+----+----+----+----+----+
