solveTime = 0.010999917984008789
isOptimal = true
solution = [0.0 0.0 0.0 0.0 0.0 0.0 0.0 0.0 1.0 0.0 0.0; 0.0 0.0 0.0 0.0 0.0 0.0 0.0 0.0 0.0 0.0 0.0; 0.0 0.0 0.0 0.0 0.0 1.0 0.0 0.0 0.0 0.0 0.0; 0.0 0.0 0.0 0.0 0.0 0.0 0.0 0.0 0.0 1.0 0.0; 0.0 0.0 0.0 0.0 0.0 0.0 0.0 0.0 0.0 0.0 0.0; 0.0 0.0 0.0 0.0 0.0 0.0 0.0 0.0 1.0 0.0 0.0; 0.0 0.0 0.0 0.0 0.0 0.0 0.0 0.0 0.0 1.0 0.0; 0.0 0.0 0.0 0.0 0.0 0.0 1.0 0.0 0.0 0.0 0.0; 0.0 0.0 0.0 0.0 0.0 0.0 0.0 0.0 0.0 0.0 0.0; 0.0 0.0 0.0 0.0 0.0 0.0 0.0 0.0 0.0 0.0 1.0; 0.0 0.0 0.0 0.0 0.0 0.0 0.0 0.0 1.0 0.0 0.0]
# solution trouvée
# |------+------+------+------+------+------+------+------+------+------+------+
# |  9   | 11   |  1   |  6   |  3   |  8   |  4   |  5   |      | 10   |  7   |
# |------+------+------+------+------+------+------+------+------+------+------+
# |  8   |  2   |  7   |  9   |  5   | 10   |  6   |  1   |  3   |  4   | 11   |
# |------+------+------+------+------+------+------+------+------+------+------+
# |  5   |  8   |  3   |  7   |  2   |      | 10   |  9   | 11   |  1   |  4   |
# |------+------+------+------+------+------+------+------+------+------+------+
# |  6   |  1   |  4   | 11   | 10   |  2   |  5   |  3   |  9   |      |  8   |
# |------+------+------+------+------+------+------+------+------+------+------+
# |  3   | 10   | 11   |  8   |  9   |  4   |  2   |  7   |  5   |  6   |  1   |
# |------+------+------+------+------+------+------+------+------+------+------+
# |  1   |  7   |  8   |  3   |  6   | 11   |  9   |  4   |      |  2   | 10   |
# |------+------+------+------+------+------+------+------+------+------+------+
# | 11   |  9   |  6   | 10   |  8   |  3   |  1   |  2   |  7   |      |  5   |
# |------+------+------+------+------+------+------+------+------+------+------+
# |  7   |  5   |  2   |  1   |  4   |  6   |      |  8   | 10   |  3   |  9   |
# |------+------+------+------+------+------+------+------+------+------+------+
# | 10   |  3   |  5   |  4   |  7   |  1   |  8   | 11   |  2   |  9   |  6   |
# |------+------+------+------+------+------+------+------+------+------+------+
# |  2   |  4   | 10   |  5   | 11   |  9   |  3   |  6   |  1   |  7   |      |
# |------+------+------+------+------+------+------+------+------+------+------+
# |  4   |  6   |  9   |  2   |  1   |  5   | 11   | 10   |      |  8   |  3   |
# |------+------+------+------+------+------+------+------+------+------+------+
