solveTime = 0.009999990463256836
isOptimal = true
solution = [0.0 0.0 0.0 0.0 0.0 0.0; 0.0 0.0 0.0 0.0 1.0 0.0; 0.0 0.0 0.0 0.0 0.0 0.0; 0.0 0.0 1.0 0.0 0.0 0.0; 0.0 0.0 0.0 0.0 0.0 0.0; 0.0 0.0 0.0 0.0 0.0 1.0]
# solution trouvée
# |----+----+----+----+----+----+
# | 6  | 1  | 5  | 2  | 3  | 4  |
# |----+----+----+----+----+----+
# | 4  | 5  | 3  | 6  |    | 1  |
# |----+----+----+----+----+----+
# | 3  | 6  | 2  | 4  | 1  | 5  |
# |----+----+----+----+----+----+
# | 2  | 4  |    | 1  | 6  | 3  |
# |----+----+----+----+----+----+
# | 1  | 3  | 4  | 5  | 2  | 6  |
# |----+----+----+----+----+----+
# | 5  | 2  | 6  | 3  | 4  |    |
# |----+----+----+----+----+----+
