solveTime = 0.009999990463256836
isOptimal = true
solution = [0.0 0.0 0.0 0.0 0.0 0.0 0.0 0.0 0.0; 0.0 0.0 0.0 0.0 0.0 0.0 0.0 0.0 0.0; 0.0 0.0 0.0 0.0 0.0 0.0 1.0 0.0 0.0; 0.0 0.0 0.0 0.0 0.0 0.0 0.0 1.0 0.0; 0.0 0.0 0.0 0.0 0.0 0.0 1.0 0.0 0.0; 0.0 0.0 0.0 0.0 0.0 1.0 0.0 0.0 0.0; 0.0 0.0 0.0 0.0 0.0 0.0 0.0 0.0 1.0; 0.0 0.0 1.0 0.0 0.0 0.0 0.0 0.0 0.0; 0.0 0.0 0.0 0.0 0.0 0.0 0.0 0.0 1.0]
# solution trouvée
# |----+----+----+----+----+----+----+----+----+
# | 2  | 4  | 7  | 9  | 3  | 8  | 1  | 6  | 5  |
# |----+----+----+----+----+----+----+----+----+
# | 4  | 9  | 5  | 8  | 1  | 6  | 7  | 3  | 2  |
# |----+----+----+----+----+----+----+----+----+
# | 6  | 7  | 8  | 5  | 2  | 3  |    | 9  | 4  |
# |----+----+----+----+----+----+----+----+----+
# | 1  | 6  | 2  | 3  | 5  | 9  | 4  |    | 8  |
# |----+----+----+----+----+----+----+----+----+
# | 8  | 3  | 1  | 4  | 9  | 5  |    | 2  | 7  |
# |----+----+----+----+----+----+----+----+----+
# | 5  | 8  | 3  | 7  | 4  |    | 2  | 1  | 6  |
# |----+----+----+----+----+----+----+----+----+
# | 7  | 5  | 6  | 2  | 8  | 1  | 9  | 4  |    |
# |----+----+----+----+----+----+----+----+----+
# | 9  | 1  |    | 6  | 7  | 2  | 5  | 8  | 3  |
# |----+----+----+----+----+----+----+----+----+
# | 3  | 2  | 4  | 1  | 6  | 7  | 8  | 5  |    |
# |----+----+----+----+----+----+----+----+----+
