solveTime = 0.01100015640258789
isOptimal = true
solution = [0.0 0.0 0.0 0.0 0.0 0.0 0.0 0.0 0.0 0.0 0.0; 0.0 0.0 0.0 0.0 0.0 0.0 0.0 0.0 0.0 0.0 1.0; 0.0 0.0 0.0 0.0 0.0 0.0 0.0 0.0 0.0 0.0 0.0; 0.0 0.0 0.0 0.0 0.0 0.0 0.0 0.0 0.0 1.0 0.0; 0.0 1.0 0.0 0.0 0.0 0.0 0.0 0.0 0.0 0.0 0.0; 1.0 0.0 0.0 0.0 0.0 0.0 0.0 0.0 0.0 0.0 0.0; 0.0 0.0 0.0 0.0 1.0 0.0 0.0 0.0 0.0 0.0 0.0; 0.0 0.0 0.0 0.0 0.0 0.0 0.0 0.0 0.0 0.0 0.0; 0.0 0.0 0.0 0.0 0.0 0.0 0.0 1.0 0.0 0.0 0.0; 0.0 0.0 0.0 0.0 0.0 1.0 0.0 0.0 0.0 0.0 0.0; 0.0 0.0 0.0 0.0 0.0 0.0 0.0 0.0 0.0 0.0 0.0]
# solution trouvée
# |------+------+------+------+------+------+------+------+------+------+------+
# |  6   |  7   | 11   |  1   | 10   |  2   |  5   |  4   |  8   |  9   |  3   |
# |------+------+------+------+------+------+------+------+------+------+------+
# | 10   |  8   |  9   |  4   | 11   |  5   |  3   |  1   |  6   |  2   |      |
# |------+------+------+------+------+------+------+------+------+------+------+
# |  8   |  5   |  1   | 10   |  2   |  4   |  7   | 11   |  9   |  3   |  6   |
# |------+------+------+------+------+------+------+------+------+------+------+
# |  1   |  3   |  4   |  7   |  9   | 10   |  6   |  2   | 11   |      |  5   |
# |------+------+------+------+------+------+------+------+------+------+------+
# |  5   |      |  3   |  2   |  7   |  8   |  1   |  6   | 10   |  4   |  9   |
# |------+------+------+------+------+------+------+------+------+------+------+
# |      |  6   |  2   |  5   |  8   |  9   |  4   |  3   |  1   |  7   | 11   |
# |------+------+------+------+------+------+------+------+------+------+------+
# |  3   |  1   |  7   |  8   |      |  6   |  2   |  9   |  5   | 10   |  4   |
# |------+------+------+------+------+------+------+------+------+------+------+
# |  4   | 11   | 10   |  3   |  6   |  7   |  9   |  5   |  2   |  1   |  8   |
# |------+------+------+------+------+------+------+------+------+------+------+
# |  9   | 10   |  6   | 11   |  1   |  3   |  8   |      |  7   |  5   |  2   |
# |------+------+------+------+------+------+------+------+------+------+------+
# | 11   |  2   |  5   |  6   |  3   |      | 10   |  7   |  4   |  8   |  1   |
# |------+------+------+------+------+------+------+------+------+------+------+
# |  2   |  4   |  8   |  9   |  5   |  1   | 11   | 10   |  3   |  6   |  7   |
# |------+------+------+------+------+------+------+------+------+------+------+
