solveTime = 0.01100015640258789
isOptimal = true
solution = [0.0 0.0 0.0 0.0 0.0 1.0 0.0 0.0 0.0 0.0 0.0; 0.0 0.0 0.0 0.0 0.0 0.0 0.0 0.0 0.0 0.0 0.0; 1.0 0.0 0.0 0.0 0.0 0.0 0.0 0.0 0.0 0.0 0.0; 0.0 0.0 0.0 0.0 0.0 0.0 0.0 0.0 0.0 0.0 1.0; 0.0 0.0 0.0 0.0 0.0 0.0 0.0 0.0 0.0 0.0 0.0; 0.0 0.0 0.0 1.0 0.0 0.0 0.0 0.0 0.0 0.0 0.0; 0.0 0.0 0.0 0.0 0.0 1.0 0.0 0.0 0.0 0.0 0.0; 0.0 0.0 0.0 0.0 0.0 0.0 0.0 0.0 0.0 0.0 1.0; 0.0 0.0 0.0 0.0 0.0 0.0 0.0 0.0 0.0 1.0 0.0; 0.0 0.0 0.0 0.0 0.0 0.0 0.0 0.0 0.0 0.0 0.0; 0.0 0.0 0.0 0.0 0.0 0.0 0.0 0.0 0.0 0.0 0.0]
# solution trouvée
# |------+------+------+------+------+------+------+------+------+------+------+
# |  6   |  7   | 11   | 10   |  5   |      |  1   |  4   |  3   |  9   |  8   |
# |------+------+------+------+------+------+------+------+------+------+------+
# |  8   |  3   |  7   |  1   |  9   |  6   |  4   | 11   |  2   | 10   |  5   |
# |------+------+------+------+------+------+------+------+------+------+------+
# |      |  1   |  4   |  3   |  8   |  2   |  6   | 10   |  9   | 11   |  7   |
# |------+------+------+------+------+------+------+------+------+------+------+
# |  9   |  8   |  5   | 11   |  3   |  7   |  2   |  1   |  6   |  4   |      |
# |------+------+------+------+------+------+------+------+------+------+------+
# | 10   |  5   |  3   |  6   |  7   |  4   | 11   |  9   |  8   |  2   |  1   |
# |------+------+------+------+------+------+------+------+------+------+------+
# |  1   | 10   |  9   |      |  4   |  5   |  7   |  2   | 11   |  3   |  6   |
# |------+------+------+------+------+------+------+------+------+------+------+
# |  7   | 11   |  2   |  9   |  1   |      | 10   |  8   |  5   |  6   |  4   |
# |------+------+------+------+------+------+------+------+------+------+------+
# |  2   |  6   |  8   |  7   | 10   | 11   |  5   |  3   |  4   |  1   |      |
# |------+------+------+------+------+------+------+------+------+------+------+
# | 11   |  2   |  1   |  5   |  6   |  3   |  8   |  7   | 10   |      |  9   |
# |------+------+------+------+------+------+------+------+------+------+------+
# |  3   |  4   |  6   |  8   | 11   | 10   |  9   |  5   |  1   |  7   |  2   |
# |------+------+------+------+------+------+------+------+------+------+------+
# |  5   |  9   | 10   |  4   |  2   |  1   |  3   |  6   |  7   |  8   | 11   |
# |------+------+------+------+------+------+------+------+------+------+------+
