solveTime = 0.013000011444091797
isOptimal = true
solution = [1.0 0.0 0.0 0.0 0.0 0.0 0.0 0.0; 0.0 0.0 0.0 1.0 0.0 1.0 0.0 0.0; 0.0 0.0 0.0 0.0 1.0 0.0 0.0 0.0; 0.0 0.0 0.0 0.0 0.0 0.0 0.0 1.0; 1.0 0.0 0.0 0.0 0.0 0.0 0.0 0.0; 0.0 0.0 0.0 0.0 0.0 0.0 0.0 0.0; 0.0 0.0 1.0 0.0 0.0 0.0 0.0 0.0; 0.0 0.0 0.0 0.0 0.0 0.0 0.0 0.0]
# solution trouvée
# |----+----+----+----+----+----+----+----+
# |    | 8  | 2  | 6  | 4  | 5  | 3  | 7  |
# |----+----+----+----+----+----+----+----+
# | 5  | 1  | 6  |    | 7  |    | 2  | 8  |
# |----+----+----+----+----+----+----+----+
# | 6  | 4  | 8  | 3  |    | 2  | 5  | 1  |
# |----+----+----+----+----+----+----+----+
# | 4  | 6  | 5  | 8  | 1  | 3  | 7  |    |
# |----+----+----+----+----+----+----+----+
# |    | 3  | 7  | 2  | 8  | 4  | 1  | 5  |
# |----+----+----+----+----+----+----+----+
# | 3  | 5  | 1  | 4  | 2  | 7  | 8  | 6  |
# |----+----+----+----+----+----+----+----+
# | 7  | 2  |    | 1  | 5  | 6  | 4  | 3  |
# |----+----+----+----+----+----+----+----+
# | 1  | 7  | 4  | 5  | 3  | 8  | 6  | 2  |
# |----+----+----+----+----+----+----+----+
