solveTime = 0.013000011444091797
isOptimal = true
solution = [0.0 1.0 0.0 0.0 0.0 0.0 0.0 0.0 0.0 0.0 0.0 0.0 0.0; 0.0 0.0 0.0 0.0 0.0 0.0 0.0 1.0 0.0 0.0 0.0 0.0 0.0; 0.0 0.0 0.0 0.0 0.0 0.0 0.0 0.0 0.0 0.0 0.0 0.0 0.0; 0.0 0.0 0.0 0.0 0.0 0.0 0.0 0.0 0.0 0.0 0.0 0.0 0.0; 0.0 0.0 0.0 0.0 0.0 0.0 0.0 0.0 0.0 0.0 1.0 0.0 0.0; 0.0 0.0 0.0 0.0 0.0 0.0 0.0 1.0 0.0 0.0 0.0 0.0 0.0; 0.0 0.0 0.0 0.0 0.0 1.0 0.0 0.0 0.0 0.0 0.0 0.0 0.0; 0.0 0.0 0.0 0.0 1.0 0.0 0.0 0.0 0.0 0.0 0.0 0.0 0.0; 1.0 0.0 0.0 0.0 0.0 0.0 0.0 0.0 0.0 0.0 0.0 0.0 0.0; 0.0 0.0 0.0 0.0 0.0 0.0 0.0 0.0 1.0 0.0 0.0 0.0 0.0; 0.0 0.0 0.0 0.0 0.0 0.0 0.0 0.0 0.0 0.0 0.0 0.0 0.0; 0.0 0.0 0.0 0.0 0.0 0.0 1.0 0.0 0.0 0.0 0.0 0.0 0.0; 0.0 0.0 0.0 0.0 0.0 0.0 0.0 0.0 0.0 0.0 0.0 1.0 0.0]
# solution trouvée
# |------+------+------+------+------+------+------+------+------+------+------+------+------+
# |  2   |      |  8   |  3   |  1   |  7   | 13   | 10   |  9   |  6   |  5   | 11   |  4   |
# |------+------+------+------+------+------+------+------+------+------+------+------+------+
# |  6   |  7   |  1   |  2   | 12   |  4   |  9   |      |  5   | 11   |  8   |  3   | 10   |
# |------+------+------+------+------+------+------+------+------+------+------+------+------+
# |  7   |  4   | 13   |  9   |  8   | 11   |  3   |  6   |  2   | 12   |  1   | 10   |  5   |
# |------+------+------+------+------+------+------+------+------+------+------+------+------+
# | 10   |  3   |  5   | 13   |  2   | 12   |  4   | 11   |  6   |  8   |  7   |  9   |  1   |
# |------+------+------+------+------+------+------+------+------+------+------+------+------+
# |  8   | 10   |  4   |  6   |  5   |  1   |  7   | 12   |  3   |  9   |      |  2   | 11   |
# |------+------+------+------+------+------+------+------+------+------+------+------+------+
# | 12   | 11   |  3   |  8   |  9   |  5   | 10   |      |  1   |  4   |  6   | 13   |  2   |
# |------+------+------+------+------+------+------+------+------+------+------+------+------+
# |  4   |  1   | 10   |  7   |  6   |      | 12   |  9   | 11   |  5   |  2   |  8   |  3   |
# |------+------+------+------+------+------+------+------+------+------+------+------+------+
# |  9   |  8   |  6   | 11   |      |  3   |  5   | 13   | 10   |  1   | 12   |  4   |  7   |
# |------+------+------+------+------+------+------+------+------+------+------+------+------+
# |      |  6   | 11   | 10   | 13   |  8   |  1   |  7   | 12   |  2   |  3   |  5   |  9   |
# |------+------+------+------+------+------+------+------+------+------+------+------+------+
# |  3   | 12   |  2   |  1   | 10   |  9   |  6   |  4   |      | 13   | 11   |  7   |  8   |
# |------+------+------+------+------+------+------+------+------+------+------+------+------+
# | 11   |  5   |  9   | 12   |  3   | 10   |  8   |  2   |  4   |  7   | 13   |  1   |  6   |
# |------+------+------+------+------+------+------+------+------+------+------+------+------+
# |  1   |  9   | 12   |  4   | 11   |  2   |      |  8   |  7   |  3   | 10   |  6   | 13   |
# |------+------+------+------+------+------+------+------+------+------+------+------+------+
# | 13   |  2   |  7   |  5   |  4   |  6   | 11   |  3   |  8   | 10   |  9   |      | 12   |
# |------+------+------+------+------+------+------+------+------+------+------+------+------+
