solveTime = 0.013000011444091797
isOptimal = true
solution = [0.0 0.0 0.0 0.0 1.0 0.0 0.0 0.0 0.0 0.0 0.0; 0.0 0.0 0.0 0.0 0.0 0.0 0.0 0.0 0.0 0.0 0.0; 0.0 0.0 0.0 0.0 0.0 1.0 0.0 0.0 0.0 0.0 0.0; 0.0 1.0 0.0 0.0 0.0 0.0 0.0 0.0 0.0 0.0 0.0; 1.0 0.0 0.0 0.0 0.0 0.0 0.0 0.0 0.0 0.0 0.0; 0.0 0.0 0.0 1.0 0.0 0.0 0.0 0.0 0.0 0.0 0.0; 0.0 0.0 0.0 0.0 0.0 0.0 0.0 0.0 1.0 0.0 0.0; 0.0 0.0 0.0 0.0 0.0 0.0 0.0 0.0 0.0 1.0 0.0; 0.0 0.0 0.0 0.0 0.0 0.0 0.0 0.0 0.0 0.0 0.0; 0.0 0.0 0.0 0.0 0.0 0.0 0.0 0.0 1.0 0.0 0.0; 0.0 0.0 0.0 0.0 0.0 0.0 0.0 1.0 0.0 0.0 0.0]
# solution trouvée
# |------+------+------+------+------+------+------+------+------+------+------+
# | 10   |  3   |  4   | 11   |      |  8   |  1   |  6   |  5   |  2   |  9   |
# |------+------+------+------+------+------+------+------+------+------+------+
# |  2   |  9   | 10   |  1   |  8   |  3   |  7   |  4   | 11   |  5   |  6   |
# |------+------+------+------+------+------+------+------+------+------+------+
# |  3   | 10   |  2   |  7   | 11   |      |  4   |  1   |  9   |  6   |  8   |
# |------+------+------+------+------+------+------+------+------+------+------+
# |  1   |      | 11   |  9   |  3   |  4   |  8   |  2   |  6   |  7   |  5   |
# |------+------+------+------+------+------+------+------+------+------+------+
# |      |  4   |  9   |  6   |  1   | 11   |  5   |  8   |  2   | 10   |  7   |
# |------+------+------+------+------+------+------+------+------+------+------+
# |  4   |  7   |  6   |      |  9   |  1   | 10   |  3   |  8   | 11   |  2   |
# |------+------+------+------+------+------+------+------+------+------+------+
# |  7   |  8   |  1   |  5   |  2   |  6   |  3   | 10   |      |  4   | 11   |
# |------+------+------+------+------+------+------+------+------+------+------+
# |  6   |  2   |  5   | 10   |  4   |  7   | 11   |  9   |  3   |      |  1   |
# |------+------+------+------+------+------+------+------+------+------+------+
# |  8   |  6   |  7   |  2   | 10   |  5   |  9   | 11   |  4   |  1   |  3   |
# |------+------+------+------+------+------+------+------+------+------+------+
# |  9   | 11   |  8   |  4   |  7   |  2   |  6   |  5   |      |  3   | 10   |
# |------+------+------+------+------+------+------+------+------+------+------+
# | 11   |  1   |  3   |  8   |  6   | 10   |  2   |      |  7   |  9   |  4   |
# |------+------+------+------+------+------+------+------+------+------+------+
