solveTime = 0.009999990463256836
isOptimal = true
solution = [0.0 1.0 0.0 0.0 0.0 0.0 0.0 1.0 0.0 0.0 0.0; 0.0 0.0 0.0 1.0 0.0 0.0 0.0 0.0 0.0 0.0 0.0; 0.0 0.0 0.0 0.0 1.0 0.0 0.0 0.0 0.0 0.0 0.0; 0.0 0.0 0.0 0.0 0.0 0.0 0.0 0.0 0.0 1.0 0.0; 1.0 0.0 0.0 0.0 0.0 0.0 0.0 0.0 0.0 0.0 0.0; 0.0 0.0 0.0 0.0 0.0 0.0 0.0 0.0 0.0 0.0 0.0; 0.0 0.0 0.0 0.0 0.0 0.0 0.0 0.0 0.0 0.0 0.0; 0.0 0.0 0.0 0.0 0.0 0.0 0.0 0.0 0.0 0.0 0.0; 1.0 0.0 0.0 0.0 0.0 0.0 0.0 0.0 0.0 0.0 0.0; 0.0 0.0 0.0 0.0 0.0 1.0 0.0 0.0 0.0 0.0 0.0; 0.0 0.0 0.0 0.0 0.0 0.0 1.0 0.0 0.0 0.0 0.0]
# solution trouvée
# |------+------+------+------+------+------+------+------+------+------+------+
# |  1   |      |  3   |  6   |  2   |  4   | 10   |      | 11   |  8   |  7   |
# |------+------+------+------+------+------+------+------+------+------+------+
# |  9   |  8   | 10   |      |  5   |  6   |  2   | 11   |  7   |  1   |  4   |
# |------+------+------+------+------+------+------+------+------+------+------+
# |  3   |  6   |  2   | 10   |      |  7   |  5   |  4   |  1   |  9   |  8   |
# |------+------+------+------+------+------+------+------+------+------+------+
# |  6   |  1   |  5   |  8   |  4   | 10   |  3   |  9   |  2   |      | 11   |
# |------+------+------+------+------+------+------+------+------+------+------+
# |      | 10   |  7   | 11   |  8   |  5   |  4   |  1   |  3   |  6   |  2   |
# |------+------+------+------+------+------+------+------+------+------+------+
# |  8   |  4   | 11   |  7   | 10   |  1   |  6   |  3   |  9   |  2   |  5   |
# |------+------+------+------+------+------+------+------+------+------+------+
# |  2   |  9   |  8   |  5   |  3   | 11   |  7   |  6   |  4   | 10   |  1   |
# |------+------+------+------+------+------+------+------+------+------+------+
# |  7   |  2   |  9   |  3   |  1   |  8   | 11   | 10   |  5   |  4   |  6   |
# |------+------+------+------+------+------+------+------+------+------+------+
# |      |  7   |  1   |  4   | 11   |  3   |  8   |  2   | 10   |  5   |  9   |
# |------+------+------+------+------+------+------+------+------+------+------+
# |  4   |  3   |  6   |  9   |  7   |      |  1   |  5   |  8   | 11   | 10   |
# |------+------+------+------+------+------+------+------+------+------+------+
# | 10   |  5   |  4   |  1   |  9   |  2   |      |  8   |  6   |  7   |  3   |
# |------+------+------+------+------+------+------+------+------+------+------+
