solveTime = 0.007999897003173828
isOptimal = true
solution = [0.0 0.0 0.0 0.0 0.0 0.0 0.0 0.0 0.0 0.0; 0.0 0.0 0.0 0.0 0.0 0.0 0.0 0.0 0.0 0.0; 0.0 0.0 0.0 1.0 0.0 0.0 0.0 0.0 0.0 0.0; 0.0 0.0 0.0 0.0 0.0 0.0 0.0 0.0 0.0 0.0; 0.0 0.0 0.0 0.0 0.0 0.0 0.0 0.0 1.0 0.0; 0.0 0.0 0.0 0.0 0.0 0.0 1.0 0.0 0.0 0.0; 0.0 0.0 0.0 0.0 0.0 0.0 0.0 0.0 0.0 1.0; 0.0 0.0 0.0 0.0 0.0 1.0 0.0 0.0 0.0 0.0; 0.0 0.0 0.0 0.0 0.0 0.0 0.0 1.0 0.0 0.0; 0.0 0.0 0.0 0.0 0.0 0.0 1.0 0.0 0.0 0.0]
# solution trouvée
# |------+------+------+------+------+------+------+------+------+------+
# |  2   |  6   |  9   |  3   | 10   |  7   |  1   |  8   |  4   |  5   |
# |------+------+------+------+------+------+------+------+------+------+
# |  3   | 10   |  1   |  4   |  5   |  9   |  8   |  6   |  7   |  2   |
# |------+------+------+------+------+------+------+------+------+------+
# |  6   |  9   |  8   |      |  7   |  4   |  5   | 10   |  3   |  1   |
# |------+------+------+------+------+------+------+------+------+------+
# |  5   |  4   | 10   |  7   |  6   |  1   |  2   |  9   |  8   |  3   |
# |------+------+------+------+------+------+------+------+------+------+
# |  8   |  3   |  4   |  5   |  2   | 10   |  7   |  1   |      |  6   |
# |------+------+------+------+------+------+------+------+------+------+
# |  9   |  5   |  2   |  6   |  1   |  3   |      |  7   | 10   |  8   |
# |------+------+------+------+------+------+------+------+------+------+
# |  1   |  8   |  6   |  2   |  3   |  5   | 10   |  4   |  9   |      |
# |------+------+------+------+------+------+------+------+------+------+
# |  4   |  7   |  3   |  1   |  9   |      |  6   |  2   |  5   | 10   |
# |------+------+------+------+------+------+------+------+------+------+
# |  7   |  1   |  5   |  8   |  4   |  2   |  3   |      |  6   |  9   |
# |------+------+------+------+------+------+------+------+------+------+
# | 10   |  2   |  7   |  9   |  8   |  6   |      |  3   |  1   |  4   |
# |------+------+------+------+------+------+------+------+------+------+
