solveTime = 0.016000032424926758
isOptimal = true
solution = [0.0 0.0 1.0 0.0 0.0 0.0 0.0 0.0 0.0; 0.0 0.0 0.0 0.0 0.0 0.0 0.0 0.0 0.0; 0.0 0.0 1.0 0.0 0.0 0.0 0.0 0.0 0.0; 0.0 0.0 0.0 0.0 0.0 0.0 0.0 0.0 1.0; 0.0 0.0 0.0 0.0 0.0 0.0 0.0 1.0 0.0; 0.0 0.0 0.0 0.0 0.0 0.0 1.0 0.0 0.0; 0.0 0.0 0.0 0.0 0.0 0.0 0.0 1.0 0.0; 0.0 0.0 0.0 0.0 0.0 0.0 0.0 0.0 1.0; 0.0 0.0 0.0 0.0 1.0 0.0 0.0 0.0 0.0]
# solution trouvée
# |----+----+----+----+----+----+----+----+----+
# | 2  | 3  |    | 7  | 1  | 4  | 9  | 8  | 5  |
# |----+----+----+----+----+----+----+----+----+
# | 6  | 7  | 1  | 2  | 5  | 9  | 3  | 4  | 8  |
# |----+----+----+----+----+----+----+----+----+
# | 8  | 6  |    | 9  | 7  | 1  | 2  | 3  | 4  |
# |----+----+----+----+----+----+----+----+----+
# | 5  | 8  | 6  | 3  | 4  | 7  | 1  | 9  |    |
# |----+----+----+----+----+----+----+----+----+
# | 3  | 1  | 2  | 4  | 9  | 5  | 8  |    | 6  |
# |----+----+----+----+----+----+----+----+----+
# | 4  | 5  | 8  | 1  | 6  | 2  |    | 7  | 9  |
# |----+----+----+----+----+----+----+----+----+
# | 9  | 4  | 3  | 8  | 2  | 6  | 5  |    | 7  |
# |----+----+----+----+----+----+----+----+----+
# | 7  | 2  | 4  | 5  | 8  | 3  | 6  | 1  |    |
# |----+----+----+----+----+----+----+----+----+
# | 1  | 9  | 5  | 6  |    | 8  | 7  | 2  | 3  |
# |----+----+----+----+----+----+----+----+----+
