solveTime = 0.011999845504760742
isOptimal = true
solution = [0.0 0.0 0.0 0.0 0.0 0.0 0.0 0.0; 0.0 0.0 1.0 0.0 0.0 0.0 0.0 0.0; 0.0 0.0 0.0 0.0 0.0 0.0 0.0 0.0; 0.0 0.0 0.0 0.0 0.0 0.0 1.0 0.0; 0.0 0.0 0.0 0.0 0.0 0.0 0.0 0.0; 0.0 0.0 0.0 0.0 0.0 0.0 0.0 1.0; 0.0 0.0 0.0 0.0 0.0 0.0 1.0 0.0; 0.0 0.0 0.0 0.0 0.0 0.0 0.0 0.0]
# solution trouvée
# |----+----+----+----+----+----+----+----+
# | 8  | 3  | 6  | 4  | 1  | 2  | 7  | 5  |
# |----+----+----+----+----+----+----+----+
# | 1  | 7  |    | 8  | 4  | 5  | 3  | 6  |
# |----+----+----+----+----+----+----+----+
# | 7  | 6  | 4  | 2  | 5  | 8  | 1  | 3  |
# |----+----+----+----+----+----+----+----+
# | 4  | 1  | 8  | 5  | 2  | 3  |    | 7  |
# |----+----+----+----+----+----+----+----+
# | 3  | 4  | 2  | 6  | 8  | 7  | 5  | 1  |
# |----+----+----+----+----+----+----+----+
# | 2  | 5  | 3  | 1  | 6  | 4  | 8  |    |
# |----+----+----+----+----+----+----+----+
# | 5  | 2  | 1  | 7  | 3  | 6  |    | 8  |
# |----+----+----+----+----+----+----+----+
# | 6  | 8  | 5  | 3  | 7  | 1  | 4  | 2  |
# |----+----+----+----+----+----+----+----+
