solveTime = 0.009000062942504883
isOptimal = true
solution = [1.0 0.0 0.0 0.0 0.0 0.0 0.0 0.0; 0.0 0.0 0.0 0.0 0.0 0.0 0.0 0.0; 0.0 0.0 0.0 0.0 0.0 0.0 0.0 0.0; 0.0 0.0 0.0 0.0 1.0 0.0 0.0 0.0; 0.0 1.0 0.0 0.0 0.0 0.0 0.0 0.0; 1.0 0.0 0.0 0.0 0.0 0.0 0.0 1.0; 0.0 0.0 0.0 0.0 0.0 0.0 0.0 0.0; 0.0 0.0 0.0 0.0 0.0 0.0 1.0 0.0]
# solution trouvée
# |----+----+----+----+----+----+----+----+
# |    | 1  | 2  | 6  | 5  | 7  | 4  | 3  |
# |----+----+----+----+----+----+----+----+
# | 8  | 3  | 5  | 7  | 4  | 2  | 6  | 1  |
# |----+----+----+----+----+----+----+----+
# | 3  | 6  | 8  | 4  | 7  | 1  | 5  | 2  |
# |----+----+----+----+----+----+----+----+
# | 4  | 2  | 7  | 1  |    | 5  | 8  | 6  |
# |----+----+----+----+----+----+----+----+
# | 7  |    | 1  | 5  | 8  | 3  | 2  | 4  |
# |----+----+----+----+----+----+----+----+
# |    | 5  | 6  | 8  | 1  | 4  | 3  |    |
# |----+----+----+----+----+----+----+----+
# | 5  | 4  | 3  | 2  | 6  | 8  | 1  | 7  |
# |----+----+----+----+----+----+----+----+
# | 1  | 7  | 4  | 3  | 2  | 6  |    | 8  |
# |----+----+----+----+----+----+----+----+
