solveTime = 0.009999990463256836
isOptimal = true
solution = [0.0 0.0 0.0 0.0 0.0 0.0 0.0 0.0 0.0 0.0; 0.0 0.0 0.0 0.0 0.0 0.0 0.0 0.0 0.0 0.0; 1.0 0.0 0.0 0.0 0.0 0.0 0.0 0.0 0.0 0.0; 0.0 0.0 0.0 1.0 0.0 0.0 0.0 0.0 0.0 0.0; 0.0 0.0 0.0 0.0 0.0 0.0 0.0 0.0 0.0 0.0; 0.0 0.0 0.0 0.0 0.0 0.0 0.0 0.0 0.0 0.0; 0.0 0.0 0.0 0.0 0.0 0.0 1.0 0.0 0.0 0.0; 0.0 0.0 0.0 0.0 0.0 1.0 0.0 0.0 0.0 0.0; 0.0 0.0 0.0 0.0 0.0 0.0 0.0 0.0 0.0 1.0; 0.0 0.0 0.0 0.0 0.0 0.0 0.0 0.0 1.0 0.0]
# solution trouvée
# |------+------+------+------+------+------+------+------+------+------+
# |  5   |  8   |  1   |  9   |  2   |  7   | 10   |  6   |  4   |  3   |
# |------+------+------+------+------+------+------+------+------+------+
# | 10   |  7   |  2   |  5   |  1   |  3   |  8   |  9   |  6   |  4   |
# |------+------+------+------+------+------+------+------+------+------+
# |      |  2   |  6   | 10   |  3   |  4   |  9   |  1   |  7   |  5   |
# |------+------+------+------+------+------+------+------+------+------+
# |  6   |  3   |  5   |      |  9   |  1   |  7   |  2   | 10   |  8   |
# |------+------+------+------+------+------+------+------+------+------+
# |  2   |  9   |  7   |  4   | 10   |  5   |  6   |  8   |  3   |  1   |
# |------+------+------+------+------+------+------+------+------+------+
# |  1   |  4   |  9   |  2   |  8   |  6   |  3   |  7   |  5   | 10   |
# |------+------+------+------+------+------+------+------+------+------+
# |  7   |  5   | 10   |  6   |  4   |  8   |      |  3   |  9   |  2   |
# |------+------+------+------+------+------+------+------+------+------+
# |  3   |  6   |  8   |  1   |  5   |      |  4   | 10   |  2   |  9   |
# |------+------+------+------+------+------+------+------+------+------+
# |  8   | 10   |  3   |  7   |  6   |  2   |  5   |  4   |  1   |      |
# |------+------+------+------+------+------+------+------+------+------+
# |  9   |  1   |  4   |  3   |  7   | 10   |  2   |  5   |      |  6   |
# |------+------+------+------+------+------+------+------+------+------+
