solveTime = 0.008999824523925781
isOptimal = true
solution = [0.0 0.0 0.0 0.0 0.0 0.0 0.0 0.0 0.0 0.0; 0.0 0.0 0.0 0.0 0.0 0.0 0.0 0.0 0.0 0.0; 0.0 0.0 0.0 0.0 0.0 1.0 0.0 0.0 0.0 0.0; 0.0 0.0 0.0 0.0 0.0 0.0 0.0 0.0 0.0 0.0; 0.0 0.0 0.0 0.0 0.0 0.0 0.0 1.0 0.0 0.0; 0.0 0.0 0.0 0.0 0.0 0.0 1.0 0.0 0.0 0.0; 0.0 0.0 0.0 0.0 0.0 0.0 0.0 0.0 1.0 0.0; 0.0 0.0 0.0 0.0 0.0 0.0 0.0 0.0 0.0 0.0; 0.0 0.0 0.0 0.0 0.0 0.0 0.0 0.0 0.0 0.0; 0.0 0.0 0.0 1.0 0.0 0.0 0.0 0.0 0.0 0.0]
# solution trouvée
# |------+------+------+------+------+------+------+------+------+------+
# | 10   |  2   |  9   |  1   |  4   |  3   |  8   |  6   |  7   |  5   |
# |------+------+------+------+------+------+------+------+------+------+
# |  6   |  5   | 10   |  7   |  2   |  1   |  9   |  4   |  8   |  3   |
# |------+------+------+------+------+------+------+------+------+------+
# |  2   |  4   |  3   |  6   |  5   |      |  1   |  7   |  9   |  8   |
# |------+------+------+------+------+------+------+------+------+------+
# |  4   |  7   |  8   |  3   |  1   |  5   |  2   |  9   |  6   | 10   |
# |------+------+------+------+------+------+------+------+------+------+
# |  9   |  1   |  2   | 10   |  3   |  7   |  5   |      |  4   |  6   |
# |------+------+------+------+------+------+------+------+------+------+
# |  7   |  3   |  6   |  5   |  9   |  8   |      | 10   |  1   |  4   |
# |------+------+------+------+------+------+------+------+------+------+
# |  8   | 10   |  7   |  4   |  6   |  2   |  3   |  1   |      |  9   |
# |------+------+------+------+------+------+------+------+------+------+
# |  3   |  9   |  4   |  2   |  7   | 10   |  6   |  8   |  5   |  1   |
# |------+------+------+------+------+------+------+------+------+------+
# |  1   |  8   |  5   |  9   | 10   |  6   |  4   |  2   |  3   |  7   |
# |------+------+------+------+------+------+------+------+------+------+
# |  5   |  6   |  1   |      |  8   |  4   |  7   |  3   | 10   |  2   |
# |------+------+------+------+------+------+------+------+------+------+
