solveTime = 0.009999990463256836
isOptimal = true
solution = [0.0 0.0 0.0 0.0 0.0 0.0 0.0; 0.0 0.0 1.0 0.0 0.0 0.0 0.0; 0.0 0.0 0.0 0.0 0.0 0.0 0.0; 0.0 0.0 0.0 0.0 0.0 0.0 1.0; 0.0 0.0 0.0 0.0 0.0 1.0 0.0; 0.0 0.0 0.0 0.0 1.0 0.0 0.0; 0.0 0.0 0.0 0.0 0.0 0.0 0.0]
# solution trouvée
# |----+----+----+----+----+----+----+
# | 4  | 3  | 1  | 6  | 7  | 2  | 5  |
# |----+----+----+----+----+----+----+
# | 6  | 2  |    | 1  | 3  | 5  | 4  |
# |----+----+----+----+----+----+----+
# | 3  | 4  | 5  | 7  | 1  | 6  | 2  |
# |----+----+----+----+----+----+----+
# | 7  | 5  | 3  | 2  | 6  | 4  |    |
# |----+----+----+----+----+----+----+
# | 1  | 6  | 2  | 5  | 4  |    | 7  |
# |----+----+----+----+----+----+----+
# | 5  | 1  | 4  | 3  |    | 7  | 6  |
# |----+----+----+----+----+----+----+
# | 2  | 7  | 6  | 4  | 5  | 1  | 3  |
# |----+----+----+----+----+----+----+
