solveTime = 0.011999845504760742
isOptimal = true
solution = [0.0 0.0 0.0 0.0 0.0 0.0 1.0 0.0 0.0 0.0 0.0; 0.0 0.0 0.0 0.0 1.0 0.0 0.0 0.0 0.0 0.0 0.0; 0.0 0.0 1.0 0.0 0.0 0.0 0.0 0.0 0.0 0.0 0.0; 0.0 0.0 0.0 0.0 0.0 0.0 0.0 0.0 0.0 0.0 0.0; 0.0 0.0 0.0 0.0 0.0 0.0 0.0 0.0 0.0 1.0 0.0; 0.0 0.0 0.0 0.0 0.0 0.0 0.0 0.0 0.0 0.0 0.0; 0.0 0.0 0.0 0.0 0.0 0.0 0.0 1.0 0.0 0.0 0.0; 0.0 0.0 0.0 0.0 0.0 0.0 0.0 0.0 1.0 0.0 0.0; 0.0 0.0 0.0 0.0 0.0 0.0 0.0 1.0 0.0 0.0 0.0; 0.0 0.0 0.0 0.0 1.0 0.0 0.0 0.0 0.0 0.0 0.0; 0.0 0.0 0.0 0.0 0.0 0.0 0.0 0.0 0.0 1.0 0.0]
# solution trouvée
# |------+------+------+------+------+------+------+------+------+------+------+
# |  4   |  6   |  8   |  2   |  1   |  9   |      |  3   | 10   |  5   | 11   |
# |------+------+------+------+------+------+------+------+------+------+------+
# |  5   | 10   |  3   | 11   |      |  6   |  7   |  1   |  4   |  9   |  2   |
# |------+------+------+------+------+------+------+------+------+------+------+
# |  6   |  9   |      |  8   |  2   |  1   | 10   |  4   | 11   |  7   |  5   |
# |------+------+------+------+------+------+------+------+------+------+------+
# | 10   |  5   |  9   |  7   |  8   |  2   | 11   |  6   |  1   |  3   |  4   |
# |------+------+------+------+------+------+------+------+------+------+------+
# | 11   |  4   |  7   |  6   |  5   |  3   |  2   |  9   |  8   |      |  1   |
# |------+------+------+------+------+------+------+------+------+------+------+
# |  8   |  7   |  5   | 10   | 11   |  4   |  1   |  2   |  3   |  6   |  9   |
# |------+------+------+------+------+------+------+------+------+------+------+
# |  9   |  3   |  1   |  5   | 10   |  8   |  4   |      |  7   | 11   |  6   |
# |------+------+------+------+------+------+------+------+------+------+------+
# |  2   |  1   | 11   |  9   |  4   |  7   |  6   | 10   |      |  8   |  3   |
# |------+------+------+------+------+------+------+------+------+------+------+
# |  3   |  2   |  4   |  1   |  6   | 11   |  8   |      |  5   | 10   |  7   |
# |------+------+------+------+------+------+------+------+------+------+------+
# |  7   |  8   |  2   |  4   |      |  5   |  3   | 11   |  6   |  1   | 10   |
# |------+------+------+------+------+------+------+------+------+------+------+
# |  1   | 11   |  6   |  3   |  9   | 10   |  5   |  7   |  2   |      |  8   |
# |------+------+------+------+------+------+------+------+------+------+------+
