solveTime = 0.009000062942504883
isOptimal = true
solution = [0.0 0.0 0.0 0.0 0.0 0.0 0.0 0.0 0.0; 0.0 0.0 0.0 0.0 0.0 0.0 0.0 0.0 0.0; 0.0 0.0 0.0 0.0 0.0 0.0 0.0 0.0 0.0; 0.0 1.0 0.0 0.0 0.0 0.0 0.0 0.0 0.0; 0.0 0.0 0.0 0.0 0.0 0.0 0.0 1.0 0.0; 0.0 0.0 1.0 0.0 0.0 0.0 0.0 0.0 0.0; 0.0 0.0 0.0 0.0 0.0 0.0 0.0 0.0 1.0; 0.0 0.0 0.0 0.0 0.0 0.0 0.0 1.0 0.0; 0.0 0.0 1.0 0.0 0.0 0.0 0.0 0.0 0.0]
# solution trouvée
# |----+----+----+----+----+----+----+----+----+
# | 2  | 3  | 8  | 6  | 4  | 7  | 9  | 5  | 1  |
# |----+----+----+----+----+----+----+----+----+
# | 9  | 5  | 2  | 1  | 6  | 3  | 8  | 7  | 4  |
# |----+----+----+----+----+----+----+----+----+
# | 6  | 7  | 4  | 5  | 9  | 8  | 1  | 3  | 2  |
# |----+----+----+----+----+----+----+----+----+
# | 3  |    | 1  | 4  | 2  | 9  | 5  | 8  | 7  |
# |----+----+----+----+----+----+----+----+----+
# | 4  | 2  | 5  | 8  | 3  | 6  | 7  |    | 9  |
# |----+----+----+----+----+----+----+----+----+
# | 7  | 9  |    | 3  | 1  | 5  | 6  | 4  | 8  |
# |----+----+----+----+----+----+----+----+----+
# | 5  | 8  | 9  | 2  | 7  | 1  | 4  | 6  |    |
# |----+----+----+----+----+----+----+----+----+
# | 1  | 4  | 7  | 9  | 8  | 2  | 3  |    | 6  |
# |----+----+----+----+----+----+----+----+----+
# | 8  | 1  |    | 7  | 5  | 4  | 2  | 9  | 3  |
# |----+----+----+----+----+----+----+----+----+
