solveTime = 0.012000083923339844
isOptimal = true
solution = [0.0 0.0 0.0 0.0 0.0 0.0 0.0 0.0; 0.0 0.0 0.0 0.0 0.0 0.0 0.0 0.0; 1.0 0.0 0.0 0.0 0.0 0.0 0.0 0.0; 0.0 0.0 0.0 0.0 0.0 0.0 1.0 0.0; 0.0 0.0 0.0 0.0 1.0 0.0 0.0 0.0; 0.0 0.0 0.0 0.0 0.0 1.0 0.0 0.0; 0.0 0.0 0.0 1.0 0.0 0.0 0.0 0.0; 0.0 1.0 0.0 0.0 0.0 0.0 0.0 0.0]
# solution trouvée
# |----+----+----+----+----+----+----+----+
# | 5  | 8  | 1  | 7  | 4  | 2  | 3  | 6  |
# |----+----+----+----+----+----+----+----+
# | 7  | 2  | 6  | 3  | 8  | 4  | 5  | 1  |
# |----+----+----+----+----+----+----+----+
# |    | 5  | 7  | 8  | 6  | 3  | 2  | 4  |
# |----+----+----+----+----+----+----+----+
# | 3  | 7  | 5  | 6  | 1  | 8  |    | 2  |
# |----+----+----+----+----+----+----+----+
# | 1  | 6  | 8  | 4  |    | 5  | 7  | 3  |
# |----+----+----+----+----+----+----+----+
# | 6  | 3  | 2  | 1  | 7  |    | 4  | 8  |
# |----+----+----+----+----+----+----+----+
# | 4  | 1  | 3  |    | 2  | 7  | 6  | 5  |
# |----+----+----+----+----+----+----+----+
# | 2  |    | 4  | 5  | 3  | 6  | 8  | 7  |
# |----+----+----+----+----+----+----+----+
