solveTime = 0.009999990463256836
isOptimal = true
solution = [0.0 0.0 0.0 0.0 0.0 0.0 0.0 0.0 1.0 0.0; 0.0 0.0 0.0 0.0 1.0 0.0 0.0 0.0 0.0 0.0; 0.0 0.0 0.0 0.0 0.0 0.0 0.0 0.0 0.0 0.0; 1.0 0.0 0.0 0.0 0.0 0.0 0.0 0.0 0.0 0.0; 0.0 0.0 0.0 0.0 0.0 0.0 0.0 0.0 0.0 0.0; 1.0 0.0 0.0 0.0 0.0 0.0 0.0 0.0 0.0 0.0; 0.0 0.0 0.0 0.0 0.0 0.0 0.0 0.0 0.0 0.0; 0.0 0.0 0.0 0.0 1.0 0.0 0.0 0.0 0.0 0.0; 0.0 0.0 0.0 0.0 0.0 0.0 0.0 1.0 0.0 0.0; 0.0 0.0 0.0 0.0 0.0 1.0 0.0 0.0 0.0 0.0]
# solution trouvée
# |------+------+------+------+------+------+------+------+------+------+
# |  5   |  2   |  4   |  7   |  8   |  1   | 10   |  3   |      |  6   |
# |------+------+------+------+------+------+------+------+------+------+
# |  8   |  5   |  7   |  1   |      |  2   |  3   |  9   |  6   | 10   |
# |------+------+------+------+------+------+------+------+------+------+
# |  6   |  7   |  1   |  3   |  9   |  5   |  4   |  2   | 10   |  8   |
# |------+------+------+------+------+------+------+------+------+------+
# |      |  4   |  3   |  6   |  1   |  8   |  5   | 10   |  2   |  9   |
# |------+------+------+------+------+------+------+------+------+------+
# |  2   | 10   |  6   |  5   |  7   |  4   |  8   |  1   |  9   |  3   |
# |------+------+------+------+------+------+------+------+------+------+
# |      |  1   |  9   | 10   |  2   |  6   |  7   |  5   |  8   |  4   |
# |------+------+------+------+------+------+------+------+------+------+
# |  1   |  6   |  2   |  4   |  5   | 10   |  9   |  8   |  3   |  7   |
# |------+------+------+------+------+------+------+------+------+------+
# |  3   |  8   |  5   |  2   |      |  9   |  6   |  7   |  4   |  1   |
# |------+------+------+------+------+------+------+------+------+------+
# | 10   |  3   |  8   |  9   |  6   |  7   |  2   |      |  1   |  5   |
# |------+------+------+------+------+------+------+------+------+------+
# |  4   |  9   | 10   |  8   |  3   |      |  1   |  6   |  5   |  2   |
# |------+------+------+------+------+------+------+------+------+------+
