solveTime = 0.013000011444091797
isOptimal = true
solution = [0.0 0.0 0.0 0.0 0.0 0.0 0.0 0.0 0.0; 0.0 0.0 0.0 1.0 0.0 0.0 0.0 0.0 0.0; 0.0 0.0 0.0 0.0 0.0 0.0 0.0 0.0 1.0; 0.0 1.0 0.0 0.0 0.0 0.0 0.0 1.0 0.0; 0.0 0.0 0.0 0.0 0.0 0.0 0.0 0.0 0.0; 0.0 0.0 0.0 1.0 0.0 0.0 1.0 0.0 0.0; 0.0 0.0 0.0 0.0 0.0 0.0 0.0 0.0 0.0; 0.0 0.0 0.0 0.0 0.0 0.0 0.0 0.0 0.0; 0.0 0.0 0.0 0.0 0.0 0.0 0.0 1.0 0.0]
# solution trouvée
# |----+----+----+----+----+----+----+----+----+
# | 3  | 4  | 1  | 5  | 2  | 8  | 9  | 6  | 7  |
# |----+----+----+----+----+----+----+----+----+
# | 5  | 1  | 4  |    | 8  | 9  | 3  | 2  | 6  |
# |----+----+----+----+----+----+----+----+----+
# | 9  | 6  | 8  | 2  | 5  | 3  | 4  | 7  |    |
# |----+----+----+----+----+----+----+----+----+
# | 8  |    | 5  | 7  | 6  | 2  | 1  |    | 4  |
# |----+----+----+----+----+----+----+----+----+
# | 4  | 3  | 7  | 8  | 1  | 6  | 2  | 5  | 9  |
# |----+----+----+----+----+----+----+----+----+
# | 7  | 9  | 2  |    | 3  | 5  |    | 1  | 8  |
# |----+----+----+----+----+----+----+----+----+
# | 2  | 7  | 3  | 4  | 9  | 1  | 6  | 8  | 5  |
# |----+----+----+----+----+----+----+----+----+
# | 6  | 5  | 9  | 1  | 4  | 7  | 8  | 3  | 2  |
# |----+----+----+----+----+----+----+----+----+
# | 1  | 2  | 6  | 9  | 7  | 4  | 5  |    | 3  |
# |----+----+----+----+----+----+----+----+----+
