solveTime = 0.012000083923339844
isOptimal = true
solution = [0.0 0.0 0.0 0.0 0.0 0.0 0.0 1.0 0.0 0.0; 0.0 0.0 0.0 0.0 0.0 0.0 0.0 0.0 0.0 0.0; 0.0 0.0 0.0 0.0 0.0 0.0 0.0 0.0 0.0 0.0; 0.0 0.0 0.0 0.0 0.0 1.0 0.0 0.0 0.0 0.0; 0.0 0.0 0.0 0.0 0.0 0.0 0.0 0.0 0.0 1.0; 0.0 0.0 0.0 0.0 0.0 0.0 0.0 0.0 1.0 0.0; 0.0 0.0 0.0 0.0 0.0 0.0 0.0 0.0 0.0 0.0; 0.0 0.0 0.0 0.0 0.0 1.0 0.0 0.0 0.0 0.0; 0.0 0.0 0.0 0.0 0.0 0.0 0.0 0.0 1.0 0.0; 0.0 0.0 0.0 0.0 0.0 0.0 0.0 1.0 0.0 0.0]
# solution trouvée
# |------+------+------+------+------+------+------+------+------+------+
# |  6   |  5   |  4   | 10   |  3   |  2   |  7   |      |  8   |  1   |
# |------+------+------+------+------+------+------+------+------+------+
# |  7   |  8   |  6   |  9   |  4   | 10   |  1   |  2   |  3   |  5   |
# |------+------+------+------+------+------+------+------+------+------+
# |  8   |  2   |  3   |  5   |  1   |  4   | 10   |  9   |  6   |  7   |
# |------+------+------+------+------+------+------+------+------+------+
# |  5   |  3   | 10   |  2   |  6   |      |  9   |  4   |  1   |  8   |
# |------+------+------+------+------+------+------+------+------+------+
# | 10   |  7   |  2   |  4   |  8   |  1   |  6   |  3   |  9   |      |
# |------+------+------+------+------+------+------+------+------+------+
# |  2   |  4   |  9   |  7   |  5   |  6   |  8   |  1   |      | 10   |
# |------+------+------+------+------+------+------+------+------+------+
# |  3   |  6   |  7   |  1   |  9   |  8   |  4   | 10   |  5   |  2   |
# |------+------+------+------+------+------+------+------+------+------+
# |  4   |  9   |  1   |  8   | 10   |      |  5   |  6   |  7   |  3   |
# |------+------+------+------+------+------+------+------+------+------+
# |  1   | 10   |  5   |  3   |  7   |  9   |  2   |  8   |      |  6   |
# |------+------+------+------+------+------+------+------+------+------+
# |  9   |  1   |  8   |  6   |  2   |  5   |  3   |      | 10   |  4   |
# |------+------+------+------+------+------+------+------+------+------+
