solveTime = 0.03500008583068848
isOptimal = true
solution = [0.0 0.0 0.0 0.0 1.0 0.0 0.0; 0.0 0.0 1.0 0.0 0.0 0.0 0.0; 0.0 0.0 0.0 0.0 0.0 0.0 0.0; 0.0 0.0 0.0 0.0 0.0 0.0 0.0; 1.0 0.0 0.0 0.0 0.0 0.0 0.0; 0.0 0.0 0.0 0.0 0.0 0.0 0.0; 0.0 0.0 0.0 0.0 0.0 1.0 0.0]
# solution trouvée
# |----+----+----+----+----+----+----+
# | 6  | 2  | 3  | 1  |    | 4  | 5  |
# |----+----+----+----+----+----+----+
# | 5  | 1  |    | 3  | 7  | 2  | 6  |
# |----+----+----+----+----+----+----+
# | 1  | 5  | 7  | 2  | 3  | 6  | 4  |
# |----+----+----+----+----+----+----+
# | 2  | 4  | 5  | 7  | 6  | 1  | 3  |
# |----+----+----+----+----+----+----+
# |    | 7  | 2  | 4  | 5  | 3  | 1  |
# |----+----+----+----+----+----+----+
# | 3  | 6  | 4  | 5  | 1  | 7  | 2  |
# |----+----+----+----+----+----+----+
# | 4  | 3  | 1  | 6  | 2  |    | 7  |
# |----+----+----+----+----+----+----+
