solveTime = 0.010999917984008789
isOptimal = true
solution = [0.0 0.0 0.0 1.0 0.0 0.0 0.0 0.0 0.0 0.0 0.0; 0.0 0.0 0.0 0.0 0.0 0.0 0.0 0.0 0.0 0.0 0.0; 0.0 0.0 0.0 0.0 0.0 0.0 0.0 1.0 0.0 0.0 0.0; 0.0 0.0 0.0 0.0 0.0 0.0 0.0 0.0 0.0 0.0 0.0; 1.0 0.0 0.0 0.0 0.0 0.0 0.0 0.0 0.0 0.0 0.0; 0.0 0.0 0.0 0.0 0.0 0.0 0.0 0.0 0.0 0.0 1.0; 0.0 1.0 0.0 0.0 0.0 0.0 0.0 0.0 0.0 0.0 0.0; 0.0 0.0 0.0 0.0 0.0 1.0 0.0 0.0 0.0 0.0 0.0; 0.0 0.0 0.0 0.0 0.0 0.0 0.0 0.0 0.0 1.0 0.0; 0.0 0.0 0.0 0.0 1.0 0.0 0.0 0.0 0.0 0.0 0.0; 0.0 0.0 0.0 0.0 0.0 1.0 0.0 0.0 0.0 0.0 0.0]
# solution trouvée
# |------+------+------+------+------+------+------+------+------+------+------+
# |  1   |  5   | 11   |      |  8   |  6   |  7   | 10   |  4   |  2   |  3   |
# |------+------+------+------+------+------+------+------+------+------+------+
# |  7   | 10   |  3   |  5   | 11   |  2   |  4   |  8   |  9   |  1   |  6   |
# |------+------+------+------+------+------+------+------+------+------+------+
# |  5   | 11   |  4   |  2   |  3   |  1   |  9   |      |  6   |  7   | 10   |
# |------+------+------+------+------+------+------+------+------+------+------+
# |  4   |  3   |  5   |  6   |  9   |  7   |  2   | 11   |  1   | 10   |  8   |
# |------+------+------+------+------+------+------+------+------+------+------+
# |      |  9   |  1   | 10   |  2   |  3   |  6   |  5   |  8   |  4   | 11   |
# |------+------+------+------+------+------+------+------+------+------+------+
# |  6   |  1   |  8   | 11   |  5   | 10   |  3   |  7   |  2   |  9   |      |
# |------+------+------+------+------+------+------+------+------+------+------+
# |  2   |      |  7   |  3   |  1   |  8   |  5   |  9   | 11   |  6   |  4   |
# |------+------+------+------+------+------+------+------+------+------+------+
# | 10   |  8   |  2   |  7   |  6   |      |  1   |  3   |  5   | 11   |  9   |
# |------+------+------+------+------+------+------+------+------+------+------+
# | 11   |  6   |  9   |  1   |  7   |  5   | 10   |  4   |  3   |      |  2   |
# |------+------+------+------+------+------+------+------+------+------+------+
# |  9   |  7   |  6   |  8   |      |  4   | 11   |  1   | 10   |  3   |  5   |
# |------+------+------+------+------+------+------+------+------+------+------+
# |  3   |  2   | 10   |  9   |  4   |      |  8   |  6   |  7   |  5   |  1   |
# |------+------+------+------+------+------+------+------+------+------+------+
