solveTime = 0.010999917984008789
isOptimal = true
solution = [0.0 0.0 0.0 0.0 0.0 1.0 0.0 0.0; 0.0 0.0 0.0 0.0 0.0 0.0 0.0 0.0; 0.0 0.0 1.0 0.0 0.0 0.0 0.0 0.0; 0.0 0.0 0.0 1.0 0.0 0.0 0.0 0.0; 0.0 0.0 0.0 0.0 0.0 0.0 0.0 1.0; 0.0 1.0 0.0 0.0 0.0 0.0 0.0 0.0; 0.0 0.0 0.0 0.0 0.0 0.0 0.0 1.0; 0.0 0.0 0.0 0.0 0.0 1.0 0.0 0.0]
# solution trouvée
# |----+----+----+----+----+----+----+----+
# | 1  | 6  | 3  | 4  | 7  |    | 5  | 2  |
# |----+----+----+----+----+----+----+----+
# | 2  | 7  | 4  | 3  | 5  | 8  | 1  | 6  |
# |----+----+----+----+----+----+----+----+
# | 4  | 3  |    | 6  | 8  | 5  | 7  | 1  |
# |----+----+----+----+----+----+----+----+
# | 8  | 1  | 6  |    | 2  | 3  | 4  | 5  |
# |----+----+----+----+----+----+----+----+
# | 5  | 8  | 2  | 7  | 4  | 1  | 3  |    |
# |----+----+----+----+----+----+----+----+
# | 7  |    | 5  | 8  | 6  | 4  | 2  | 3  |
# |----+----+----+----+----+----+----+----+
# | 6  | 2  | 1  | 5  | 3  | 7  | 8  |    |
# |----+----+----+----+----+----+----+----+
# | 3  | 5  | 7  | 2  | 1  |    | 6  | 4  |
# |----+----+----+----+----+----+----+----+
