solveTime = 0.012000083923339844
isOptimal = true
solution = [0.0 0.0 0.0 0.0 0.0 0.0 0.0; 0.0 1.0 0.0 0.0 0.0 0.0 1.0; 0.0 0.0 0.0 0.0 0.0 0.0 0.0; 0.0 0.0 0.0 0.0 0.0 1.0 0.0; 0.0 0.0 0.0 0.0 1.0 0.0 0.0; 0.0 0.0 0.0 1.0 0.0 0.0 0.0; 0.0 0.0 0.0 0.0 0.0 1.0 0.0]
# solution trouvée
# |----+----+----+----+----+----+----+
# | 4  | 3  | 5  | 6  | 1  | 7  | 2  |
# |----+----+----+----+----+----+----+
# | 3  |    | 4  | 1  | 2  | 5  |    |
# |----+----+----+----+----+----+----+
# | 1  | 6  | 2  | 5  | 3  | 4  | 7  |
# |----+----+----+----+----+----+----+
# | 7  | 1  | 6  | 4  | 5  |    | 3  |
# |----+----+----+----+----+----+----+
# | 6  | 5  | 7  | 3  |    | 2  | 4  |
# |----+----+----+----+----+----+----+
# | 2  | 4  | 1  |    | 7  | 3  | 6  |
# |----+----+----+----+----+----+----+
# | 5  | 2  | 3  | 7  | 6  |    | 1  |
# |----+----+----+----+----+----+----+
