solveTime = 0.057000160217285156
isOptimal = true
solution = [0.0 0.0 0.0 0.0 0.0 0.0 0.0 0.0 0.0; 0.0 0.0 0.0 0.0 1.0 0.0 0.0 0.0 0.0; 0.0 0.0 0.0 0.0 0.0 1.0 0.0 0.0 0.0; 0.0 0.0 0.0 0.0 0.0 0.0 0.0 1.0 0.0; 0.0 0.0 0.0 0.0 0.0 0.0 0.0 0.0 0.0; 0.0 0.0 0.0 0.0 0.0 0.0 0.0 0.0 0.0; 0.0 1.0 0.0 0.0 0.0 0.0 0.0 0.0 0.0; 0.0 0.0 0.0 1.0 0.0 0.0 0.0 0.0 0.0; 0.0 0.0 0.0 0.0 0.0 1.0 0.0 0.0 0.0]
# solution trouvée
# |----+----+----+----+----+----+----+----+----+
# | 6  | 9  | 3  | 2  | 1  | 5  | 8  | 7  | 4  |
# |----+----+----+----+----+----+----+----+----+
# | 5  | 3  | 1  | 4  |    | 7  | 2  | 9  | 6  |
# |----+----+----+----+----+----+----+----+----+
# | 4  | 1  | 5  | 7  | 9  |    | 3  | 2  | 8  |
# |----+----+----+----+----+----+----+----+----+
# | 7  | 2  | 8  | 9  | 5  | 1  | 4  |    | 3  |
# |----+----+----+----+----+----+----+----+----+
# | 2  | 5  | 7  | 3  | 8  | 9  | 6  | 4  | 1  |
# |----+----+----+----+----+----+----+----+----+
# | 8  | 6  | 4  | 5  | 2  | 3  | 9  | 1  | 7  |
# |----+----+----+----+----+----+----+----+----+
# | 1  |    | 9  | 6  | 7  | 8  | 5  | 3  | 2  |
# |----+----+----+----+----+----+----+----+----+
# | 3  | 7  | 6  |    | 4  | 2  | 1  | 5  | 9  |
# |----+----+----+----+----+----+----+----+----+
# | 9  | 4  | 2  | 1  | 3  |    | 7  | 8  | 5  |
# |----+----+----+----+----+----+----+----+----+
