solveTime = 0.010999917984008789
isOptimal = true
solution = [0.0 0.0 1.0 0.0 0.0 0.0 0.0 0.0 0.0 0.0 0.0; 0.0 0.0 0.0 0.0 0.0 0.0 0.0 0.0 0.0 0.0 0.0; 0.0 0.0 0.0 0.0 0.0 0.0 0.0 0.0 0.0 0.0 0.0; 0.0 0.0 0.0 0.0 0.0 1.0 0.0 0.0 0.0 0.0 0.0; 0.0 0.0 0.0 0.0 0.0 0.0 0.0 0.0 0.0 1.0 0.0; 0.0 0.0 0.0 0.0 0.0 0.0 0.0 1.0 0.0 0.0 0.0; 0.0 1.0 0.0 0.0 0.0 0.0 0.0 0.0 0.0 0.0 0.0; 0.0 0.0 0.0 0.0 0.0 0.0 0.0 0.0 0.0 1.0 0.0; 0.0 0.0 0.0 0.0 0.0 0.0 0.0 1.0 0.0 0.0 0.0; 0.0 0.0 0.0 0.0 0.0 0.0 0.0 0.0 0.0 1.0 0.0; 0.0 0.0 0.0 0.0 0.0 0.0 0.0 0.0 0.0 0.0 0.0]
# solution trouvée
# |------+------+------+------+------+------+------+------+------+------+------+
# |  3   |  9   |      |  8   |  1   | 10   |  6   | 11   |  4   |  7   |  5   |
# |------+------+------+------+------+------+------+------+------+------+------+
# |  1   |  7   |  2   |  5   | 10   |  8   |  9   |  3   |  6   |  4   | 11   |
# |------+------+------+------+------+------+------+------+------+------+------+
# |  7   | 11   |  8   |  2   |  6   |  9   |  5   |  1   | 10   |  3   |  4   |
# |------+------+------+------+------+------+------+------+------+------+------+
# |  8   |  3   | 11   | 10   |  9   |      |  7   |  6   |  5   |  1   |  2   |
# |------+------+------+------+------+------+------+------+------+------+------+
# |  4   |  1   |  9   |  3   |  7   |  5   |  8   |  2   | 11   |      |  6   |
# |------+------+------+------+------+------+------+------+------+------+------+
# |  6   |  5   |  3   |  1   |  8   |  2   |  4   |      |  7   |  9   | 10   |
# |------+------+------+------+------+------+------+------+------+------+------+
# |  9   |      |  4   | 11   |  2   |  3   | 10   |  7   |  8   |  5   |  1   |
# |------+------+------+------+------+------+------+------+------+------+------+
# |  2   |  6   |  5   |  4   |  3   |  7   | 11   |  9   |  1   |      |  8   |
# |------+------+------+------+------+------+------+------+------+------+------+
# | 11   |  4   | 10   |  9   |  5   |  1   |  3   |      |  2   |  8   |  7   |
# |------+------+------+------+------+------+------+------+------+------+------+
# | 10   |  8   |  1   |  6   | 11   |  4   |  2   |  5   |  3   |      |  9   |
# |------+------+------+------+------+------+------+------+------+------+------+
# |  5   | 10   |  6   |  7   |  4   | 11   |  1   |  8   |  9   |  2   |  3   |
# |------+------+------+------+------+------+------+------+------+------+------+
