solveTime = 0.007999897003173828
isOptimal = true
solution = [0.0 0.0 0.0 0.0 0.0 0.0 0.0; 1.0 0.0 0.0 0.0 1.0 0.0 0.0; 0.0 0.0 0.0 0.0 0.0 0.0 1.0; 1.0 0.0 0.0 0.0 0.0 0.0 0.0; 0.0 0.0 0.0 0.0 0.0 0.0 1.0; 0.0 0.0 0.0 0.0 0.0 1.0 0.0; 0.0 0.0 0.0 0.0 0.0 0.0 0.0]
# solution trouvée
# |----+----+----+----+----+----+----+
# | 3  | 7  | 2  | 4  | 5  | 1  | 6  |
# |----+----+----+----+----+----+----+
# |    | 4  | 6  | 1  |    | 3  | 5  |
# |----+----+----+----+----+----+----+
# | 5  | 2  | 4  | 7  | 1  | 6  |    |
# |----+----+----+----+----+----+----+
# |    | 3  | 7  | 6  | 4  | 5  | 1  |
# |----+----+----+----+----+----+----+
# | 4  | 1  | 5  | 3  | 2  | 7  |    |
# |----+----+----+----+----+----+----+
# | 1  | 5  | 3  | 2  | 6  |    | 4  |
# |----+----+----+----+----+----+----+
# | 2  | 6  | 1  | 5  | 7  | 4  | 3  |
# |----+----+----+----+----+----+----+
