solveTime = 0.01100015640258789
isOptimal = true
solution = [1.0 0.0 0.0 0.0 0.0 0.0 0.0 0.0; 0.0 0.0 0.0 0.0 0.0 0.0 0.0 0.0; 0.0 0.0 0.0 0.0 0.0 0.0 1.0 0.0; 0.0 0.0 0.0 0.0 0.0 1.0 0.0 0.0; 0.0 0.0 0.0 0.0 0.0 0.0 1.0 0.0; 1.0 0.0 0.0 0.0 0.0 0.0 0.0 0.0; 0.0 0.0 0.0 0.0 0.0 0.0 0.0 0.0; 0.0 0.0 0.0 0.0 0.0 0.0 0.0 1.0]
# solution trouvée
# |----+----+----+----+----+----+----+----+
# |    | 1  | 3  | 2  | 7  | 6  | 5  | 8  |
# |----+----+----+----+----+----+----+----+
# | 8  | 5  | 4  | 3  | 2  | 7  | 1  | 6  |
# |----+----+----+----+----+----+----+----+
# | 3  | 4  | 7  | 8  | 5  | 1  |    | 2  |
# |----+----+----+----+----+----+----+----+
# | 1  | 3  | 6  | 4  | 8  |    | 2  | 5  |
# |----+----+----+----+----+----+----+----+
# | 4  | 6  | 1  | 5  | 3  | 2  |    | 7  |
# |----+----+----+----+----+----+----+----+
# |    | 8  | 2  | 7  | 1  | 5  | 4  | 3  |
# |----+----+----+----+----+----+----+----+
# | 7  | 2  | 5  | 6  | 4  | 3  | 8  | 1  |
# |----+----+----+----+----+----+----+----+
# | 5  | 7  | 8  | 1  | 6  | 4  | 3  |    |
# |----+----+----+----+----+----+----+----+
