solveTime = 0.010999917984008789
isOptimal = true
solution = [0.0 0.0 0.0 0.0 0.0 0.0 0.0 0.0 0.0 0.0 0.0; 0.0 0.0 0.0 0.0 0.0 0.0 0.0 0.0 0.0 0.0 0.0; 0.0 0.0 0.0 0.0 0.0 0.0 0.0 0.0 0.0 0.0 0.0; 0.0 0.0 0.0 0.0 0.0 0.0 0.0 0.0 0.0 0.0 0.0; 0.0 0.0 0.0 0.0 0.0 1.0 0.0 0.0 0.0 0.0 0.0; 0.0 0.0 0.0 0.0 1.0 0.0 0.0 0.0 0.0 0.0 0.0; 0.0 0.0 0.0 0.0 0.0 0.0 0.0 0.0 0.0 0.0 0.0; 0.0 0.0 0.0 0.0 0.0 0.0 1.0 0.0 0.0 0.0 0.0; 0.0 0.0 0.0 0.0 0.0 0.0 0.0 0.0 1.0 0.0 0.0; 0.0 1.0 0.0 0.0 0.0 0.0 0.0 0.0 0.0 0.0 0.0; 0.0 0.0 0.0 0.0 0.0 0.0 0.0 0.0 0.0 1.0 0.0]
# solution trouvée
# |------+------+------+------+------+------+------+------+------+------+------+
# |  9   | 11   |  3   |  1   |  5   |  2   |  4   |  6   |  8   |  7   | 10   |
# |------+------+------+------+------+------+------+------+------+------+------+
# |  8   |  7   |  9   |  5   | 11   |  3   |  1   | 10   |  6   |  4   |  2   |
# |------+------+------+------+------+------+------+------+------+------+------+
# |  2   |  9   |  4   |  3   |  7   |  5   |  8   |  1   | 11   | 10   |  6   |
# |------+------+------+------+------+------+------+------+------+------+------+
# | 11   |  3   |  8   | 10   |  6   |  1   |  2   |  4   |  5   |  9   |  7   |
# |------+------+------+------+------+------+------+------+------+------+------+
# |  4   |  1   |  5   |  8   |  9   |      |  7   | 11   | 10   |  6   |  3   |
# |------+------+------+------+------+------+------+------+------+------+------+
# |  5   |  4   | 10   |  9   |      |  6   | 11   |  7   |  3   |  1   |  8   |
# |------+------+------+------+------+------+------+------+------+------+------+
# |  6   |  8   |  1   | 11   |  2   | 10   |  9   |  5   |  7   |  3   |  4   |
# |------+------+------+------+------+------+------+------+------+------+------+
# |  3   |  6   | 11   |  7   |  4   |  9   |      |  8   |  1   |  2   |  5   |
# |------+------+------+------+------+------+------+------+------+------+------+
# |  7   | 10   |  6   |  4   |  1   | 11   |  5   |  2   |      |  8   |  9   |
# |------+------+------+------+------+------+------+------+------+------+------+
# | 10   |      |  2   |  6   |  8   |  7   |  3   |  9   |  4   |  5   |  1   |
# |------+------+------+------+------+------+------+------+------+------+------+
# |  1   |  5   |  7   |  2   | 10   |  4   |  6   |  3   |  9   |      | 11   |
# |------+------+------+------+------+------+------+------+------+------+------+
