solveTime = 0.01100015640258789
isOptimal = true
solution = [0.0 0.0 0.0 0.0 0.0 1.0 0.0 0.0; 0.0 0.0 0.0 0.0 0.0 0.0 0.0 0.0; 0.0 0.0 0.0 0.0 0.0 0.0 0.0 0.0; 0.0 0.0 0.0 0.0 0.0 0.0 1.0 0.0; 0.0 0.0 1.0 0.0 0.0 0.0 0.0 0.0; 0.0 0.0 0.0 0.0 0.0 0.0 1.0 0.0; 0.0 0.0 0.0 0.0 1.0 0.0 0.0 0.0; 0.0 0.0 0.0 0.0 0.0 0.0 0.0 0.0]
# solution trouvée
# |----+----+----+----+----+----+----+----+
# | 8  | 7  | 6  | 3  | 5  |    | 4  | 1  |
# |----+----+----+----+----+----+----+----+
# | 1  | 2  | 5  | 7  | 6  | 8  | 3  | 4  |
# |----+----+----+----+----+----+----+----+
# | 6  | 8  | 2  | 4  | 7  | 1  | 5  | 3  |
# |----+----+----+----+----+----+----+----+
# | 2  | 1  | 3  | 5  | 4  | 7  |    | 6  |
# |----+----+----+----+----+----+----+----+
# | 4  | 6  |    | 2  | 3  | 5  | 1  | 8  |
# |----+----+----+----+----+----+----+----+
# | 3  | 5  | 4  | 8  | 2  | 6  |    | 7  |
# |----+----+----+----+----+----+----+----+
# | 7  | 3  | 1  | 6  |    | 2  | 8  | 5  |
# |----+----+----+----+----+----+----+----+
# | 5  | 4  | 7  | 1  | 8  | 3  | 6  | 2  |
# |----+----+----+----+----+----+----+----+
