solveTime = 0.03299999237060547
isOptimal = true
solution = [0.0 0.0 0.0 0.0 0.0 0.0 0.0 0.0 0.0 0.0 0.0; 0.0 0.0 0.0 0.0 0.0 0.0 0.0 0.0 0.0 0.0 0.0; 0.0 0.0 0.0 0.0 0.0 0.0 1.0 0.0 0.0 0.0 1.0; 0.0 0.0 0.0 0.0 0.0 1.0 0.0 0.0 0.0 1.0 0.0; 0.0 0.0 0.0 0.0 0.0 0.0 0.0 0.0 0.0 0.0 0.0; 0.0 0.0 0.0 0.0 0.0 0.0 0.0 0.0 0.0 0.0 0.0; 0.0 0.0 0.0 0.0 0.0 0.0 1.0 0.0 0.0 0.0 0.0; 0.0 0.0 0.0 0.0 0.0 0.0 0.0 0.0 0.0 0.0 0.0; 0.0 0.0 0.0 1.0 0.0 0.0 0.0 0.0 0.0 0.0 0.0; 0.0 0.0 0.0 0.0 0.0 0.0 0.0 0.0 1.0 0.0 0.0; 0.0 0.0 0.0 0.0 1.0 0.0 0.0 0.0 0.0 0.0 0.0]
# solution trouvée
# |------+------+------+------+------+------+------+------+------+------+------+
# |  3   | 10   |  9   | 11   |  1   |  5   |  8   |  4   |  6   |  7   |  2   |
# |------+------+------+------+------+------+------+------+------+------+------+
# |  1   |  2   |  5   |  9   | 10   |  8   |  6   |  7   |  3   | 11   |  4   |
# |------+------+------+------+------+------+------+------+------+------+------+
# | 11   |  8   |  1   |  5   |  2   |  7   |      | 10   |  4   |  9   |      |
# |------+------+------+------+------+------+------+------+------+------+------+
# |  8   |  1   |  2   |  3   |  4   |      |  9   |  6   |  7   |      | 11   |
# |------+------+------+------+------+------+------+------+------+------+------+
# |  7   |  5   | 10   |  8   | 11   |  1   |  4   |  2   |  9   |  6   |  3   |
# |------+------+------+------+------+------+------+------+------+------+------+
# |  9   |  6   |  3   |  7   |  5   |  4   | 11   |  1   |  2   | 10   |  8   |
# |------+------+------+------+------+------+------+------+------+------+------+
# |  5   |  9   |  8   |  6   |  3   |  2   |      | 11   | 10   |  4   |  7   |
# |------+------+------+------+------+------+------+------+------+------+------+
# |  4   |  7   |  6   |  1   |  8   | 10   |  3   |  5   | 11   |  2   |  9   |
# |------+------+------+------+------+------+------+------+------+------+------+
# | 10   |  4   | 11   |      |  9   |  3   |  7   |  8   |  1   |  5   |  6   |
# |------+------+------+------+------+------+------+------+------+------+------+
# |  6   |  3   |  4   | 10   |  7   | 11   |  2   |  9   |      |  8   |  1   |
# |------+------+------+------+------+------+------+------+------+------+------+
# |  2   | 11   |  7   |  4   |      |  6   | 10   |  3   |  8   |  1   |  5   |
# |------+------+------+------+------+------+------+------+------+------+------+
