solveTime = 0.010999917984008789
isOptimal = true
solution = [0.0 0.0 0.0 0.0 0.0 0.0 0.0 0.0 0.0 0.0 0.0 0.0; 0.0 0.0 0.0 0.0 0.0 0.0 0.0 0.0 0.0 0.0 0.0 0.0; 0.0 0.0 1.0 0.0 0.0 0.0 0.0 0.0 0.0 0.0 0.0 0.0; 0.0 0.0 0.0 0.0 0.0 0.0 0.0 1.0 0.0 0.0 0.0 0.0; 0.0 0.0 0.0 0.0 0.0 0.0 0.0 0.0 0.0 0.0 0.0 1.0; 0.0 0.0 0.0 1.0 0.0 0.0 0.0 0.0 0.0 0.0 0.0 0.0; 0.0 0.0 0.0 0.0 0.0 0.0 1.0 0.0 0.0 0.0 0.0 0.0; 0.0 0.0 0.0 1.0 0.0 1.0 0.0 0.0 0.0 0.0 0.0 0.0; 0.0 1.0 0.0 0.0 0.0 0.0 0.0 0.0 0.0 0.0 0.0 0.0; 0.0 0.0 0.0 0.0 0.0 0.0 0.0 0.0 0.0 0.0 0.0 0.0; 0.0 0.0 0.0 0.0 0.0 0.0 0.0 0.0 0.0 0.0 0.0 1.0; 0.0 0.0 0.0 0.0 0.0 0.0 0.0 0.0 0.0 0.0 0.0 0.0]
# solution trouvée
# |------+------+------+------+------+------+------+------+------+------+------+------+
# |  6   | 11   |  2   |  7   | 12   |  9   |  5   |  8   |  1   |  3   | 10   |  4   |
# |------+------+------+------+------+------+------+------+------+------+------+------+
# |  1   |  5   | 12   |  3   |  7   |  8   | 11   |  4   |  6   |  2   |  9   | 10   |
# |------+------+------+------+------+------+------+------+------+------+------+------+
# |  5   |  8   |      | 10   |  1   | 11   |  4   | 12   |  7   |  6   |  2   |  3   |
# |------+------+------+------+------+------+------+------+------+------+------+------+
# |  2   |  1   |  9   | 11   |  5   |  6   | 12   |      |  4   |  7   |  3   |  8   |
# |------+------+------+------+------+------+------+------+------+------+------+------+
# |  4   |  2   |  3   |  6   |  8   | 12   |  9   |  7   | 11   | 10   |  1   |      |
# |------+------+------+------+------+------+------+------+------+------+------+------+
# |  7   | 10   |  6   |      |  2   |  4   |  1   |  9   |  3   | 12   |  8   |  5   |
# |------+------+------+------+------+------+------+------+------+------+------+------+
# | 10   |  3   |  7   |  1   | 11   |  2   |      |  6   |  5   |  8   |  4   |  9   |
# |------+------+------+------+------+------+------+------+------+------+------+------+
# | 11   |  6   | 10   |      |  9   |      |  2   |  3   | 12   |  5   |  7   |  1   |
# |------+------+------+------+------+------+------+------+------+------+------+------+
# |  3   |      | 11   |  4   | 10   |  1   |  6   |  2   |  8   |  9   |  5   | 12   |
# |------+------+------+------+------+------+------+------+------+------+------+------+
# |  9   |  4   |  8   |  5   |  6   |  7   |  3   | 11   | 10   |  1   | 12   |  2   |
# |------+------+------+------+------+------+------+------+------+------+------+------+
# |  8   |  7   |  5   |  2   |  4   |  3   | 10   |  1   |  9   | 11   |  6   |      |
# |------+------+------+------+------+------+------+------+------+------+------+------+
# | 12   |  9   |  1   |  8   |  3   |  5   |  7   | 10   |  2   |  4   | 11   |  6   |
# |------+------+------+------+------+------+------+------+------+------+------+------+
