solveTime = 0.01399993896484375
isOptimal = true
solution = [0.0 0.0 0.0 0.0 0.0 0.0 0.0 0.0; 0.0 0.0 0.0 1.0 0.0 0.0 0.0 0.0; 0.0 1.0 0.0 0.0 0.0 0.0 0.0 0.0; 0.0 0.0 0.0 0.0 1.0 0.0 0.0 0.0; 0.0 0.0 0.0 0.0 0.0 0.0 0.0 0.0; 0.0 0.0 0.0 0.0 0.0 0.0 0.0 1.0; 0.0 0.0 0.0 0.0 0.0 1.0 0.0 0.0; 0.0 0.0 0.0 0.0 1.0 0.0 0.0 0.0]
# solution trouvée
# |----+----+----+----+----+----+----+----+
# | 4  | 8  | 2  | 7  | 6  | 3  | 5  | 1  |
# |----+----+----+----+----+----+----+----+
# | 7  | 6  | 4  |    | 8  | 2  | 1  | 5  |
# |----+----+----+----+----+----+----+----+
# | 5  |    | 7  | 3  | 4  | 1  | 6  | 8  |
# |----+----+----+----+----+----+----+----+
# | 1  | 3  | 5  | 4  |    | 7  | 8  | 2  |
# |----+----+----+----+----+----+----+----+
# | 2  | 5  | 6  | 8  | 1  | 4  | 7  | 3  |
# |----+----+----+----+----+----+----+----+
# | 3  | 7  | 1  | 5  | 2  | 8  | 4  |    |
# |----+----+----+----+----+----+----+----+
# | 8  | 1  | 3  | 6  | 5  |    | 2  | 7  |
# |----+----+----+----+----+----+----+----+
# | 6  | 2  | 8  | 1  |    | 5  | 3  | 4  |
# |----+----+----+----+----+----+----+----+
