solveTime = 0.009999990463256836
isOptimal = true
solution = [0.0 0.0 0.0 0.0 0.0 0.0 0.0 0.0 0.0 0.0; 0.0 0.0 0.0 0.0 0.0 0.0 0.0 0.0 0.0 0.0; 0.0 0.0 1.0 0.0 0.0 0.0 0.0 0.0 0.0 0.0; 0.0 0.0 0.0 0.0 0.0 0.0 0.0 0.0 0.0 0.0; 0.0 0.0 0.0 0.0 0.0 1.0 0.0 0.0 0.0 0.0; 0.0 0.0 0.0 1.0 0.0 0.0 0.0 0.0 0.0 0.0; 0.0 0.0 0.0 0.0 0.0 0.0 0.0 1.0 0.0 0.0; 1.0 0.0 0.0 0.0 0.0 0.0 0.0 0.0 0.0 0.0; 0.0 0.0 0.0 0.0 0.0 0.0 0.0 0.0 0.0 0.0; 0.0 0.0 0.0 0.0 0.0 0.0 0.0 0.0 0.0 1.0]
# solution trouvée
# |------+------+------+------+------+------+------+------+------+------+
# |  1   |  3   |  2   |  8   |  6   |  5   |  9   | 10   |  7   |  4   |
# |------+------+------+------+------+------+------+------+------+------+
# |  9   |  6   | 10   |  3   |  5   |  1   |  4   |  8   |  2   |  7   |
# |------+------+------+------+------+------+------+------+------+------+
# |  3   |  7   |      |  4   |  1   |  8   | 10   |  9   |  5   |  2   |
# |------+------+------+------+------+------+------+------+------+------+
# |  2   |  4   |  7   |  5   |  9   |  6   |  3   |  1   | 10   |  8   |
# |------+------+------+------+------+------+------+------+------+------+
# |  8   |  5   |  1   |  6   |  7   |      |  2   |  4   |  9   |  3   |
# |------+------+------+------+------+------+------+------+------+------+
# |  5   |  2   |  3   |      |  8   |  9   |  1   |  6   |  4   | 10   |
# |------+------+------+------+------+------+------+------+------+------+
# |  6   | 10   |  5   |  2   |  4   |  3   |  8   |      |  1   |  9   |
# |------+------+------+------+------+------+------+------+------+------+
# |      |  8   |  4   |  9   |  2   |  7   |  5   |  3   |  6   |  1   |
# |------+------+------+------+------+------+------+------+------+------+
# | 10   |  9   |  6   |  1   |  3   |  4   |  7   |  2   |  8   |  5   |
# |------+------+------+------+------+------+------+------+------+------+
# |  4   |  1   |  8   |  7   | 10   |  2   |  6   |  5   |  3   |      |
# |------+------+------+------+------+------+------+------+------+------+
