solveTime = 0.010999917984008789
isOptimal = true
solution = [0.0 0.0 0.0 0.0 0.0 0.0 0.0 0.0 0.0 0.0 0.0 0.0; 0.0 0.0 0.0 0.0 0.0 0.0 0.0 0.0 1.0 0.0 0.0 0.0; 0.0 0.0 0.0 0.0 0.0 0.0 0.0 0.0 0.0 0.0 0.0 0.0; 0.0 0.0 0.0 0.0 0.0 0.0 0.0 0.0 0.0 0.0 0.0 0.0; 0.0 0.0 0.0 0.0 0.0 0.0 0.0 1.0 0.0 0.0 0.0 0.0; 0.0 0.0 0.0 0.0 0.0 0.0 0.0 0.0 0.0 0.0 1.0 0.0; 0.0 0.0 0.0 0.0 0.0 1.0 0.0 0.0 0.0 0.0 0.0 0.0; 0.0 0.0 0.0 0.0 0.0 0.0 0.0 0.0 0.0 0.0 0.0 0.0; 0.0 0.0 0.0 0.0 0.0 0.0 0.0 0.0 1.0 0.0 0.0 0.0; 0.0 0.0 0.0 0.0 0.0 0.0 0.0 0.0 0.0 0.0 0.0 0.0; 0.0 0.0 0.0 0.0 0.0 0.0 0.0 0.0 0.0 0.0 0.0 1.0; 0.0 0.0 0.0 0.0 0.0 0.0 1.0 0.0 0.0 0.0 0.0 0.0]
# solution trouvée
# |------+------+------+------+------+------+------+------+------+------+------+------+
# |  3   |  6   | 10   |  9   | 12   |  7   |  2   |  1   |  5   |  8   | 11   |  4   |
# |------+------+------+------+------+------+------+------+------+------+------+------+
# | 10   |  7   |  5   | 12   |  1   |  9   |  3   |  4   |      | 11   |  2   |  8   |
# |------+------+------+------+------+------+------+------+------+------+------+------+
# |  8   |  5   |  4   |  7   |  3   | 11   | 10   |  9   | 12   |  2   |  6   |  1   |
# |------+------+------+------+------+------+------+------+------+------+------+------+
# |  1   |  8   | 11   | 10   |  9   | 12   |  5   |  7   |  6   |  3   |  4   |  2   |
# |------+------+------+------+------+------+------+------+------+------+------+------+
# |  4   |  9   |  1   |  3   |  5   |  6   |  8   |      |  7   | 12   | 10   | 11   |
# |------+------+------+------+------+------+------+------+------+------+------+------+
# |  7   |  3   |  8   |  1   | 11   | 10   |  9   |  6   |  4   |  5   |      | 12   |
# |------+------+------+------+------+------+------+------+------+------+------+------+
# | 11   |  4   |  2   |  8   |  7   |      | 12   |  5   |  3   |  6   |  1   |  9   |
# |------+------+------+------+------+------+------+------+------+------+------+------+
# | 12   |  2   |  6   |  4   |  8   |  1   | 11   | 10   |  9   |  7   |  3   |  5   |
# |------+------+------+------+------+------+------+------+------+------+------+------+
# |  6   | 10   |  7   |  2   |  4   |  8   |  1   | 11   |      |  9   | 12   |  3   |
# |------+------+------+------+------+------+------+------+------+------+------+------+
# |  2   | 11   |  3   |  5   | 10   |  4   |  7   | 12   |  8   |  1   |  9   |  6   |
# |------+------+------+------+------+------+------+------+------+------+------+------+
# |  5   | 12   |  9   |  6   |  2   |  3   |  4   |  8   |  1   | 10   |  7   |      |
# |------+------+------+------+------+------+------+------+------+------+------+------+
# |  9   |  1   | 12   | 11   |  6   |  2   |      |  3   | 10   |  4   |  5   |  7   |
# |------+------+------+------+------+------+------+------+------+------+------+------+
