solveTime = 0.012000083923339844
isOptimal = true
solution = [0.0 0.0 0.0 0.0 0.0 1.0 0.0 0.0 0.0 0.0 0.0; 0.0 0.0 0.0 0.0 1.0 0.0 0.0 0.0 0.0 0.0 0.0; 0.0 0.0 0.0 0.0 0.0 0.0 0.0 0.0 0.0 0.0 0.0; 0.0 0.0 0.0 0.0 0.0 0.0 1.0 0.0 0.0 0.0 0.0; 0.0 0.0 0.0 0.0 1.0 0.0 0.0 0.0 0.0 0.0 0.0; 0.0 0.0 0.0 0.0 0.0 0.0 0.0 0.0 0.0 0.0 0.0; 0.0 0.0 0.0 0.0 0.0 0.0 0.0 0.0 0.0 0.0 0.0; 0.0 0.0 0.0 0.0 0.0 1.0 0.0 0.0 0.0 0.0 0.0; 0.0 0.0 0.0 0.0 0.0 0.0 0.0 0.0 0.0 1.0 0.0; 0.0 0.0 0.0 1.0 0.0 0.0 0.0 0.0 0.0 0.0 0.0; 0.0 0.0 0.0 0.0 0.0 0.0 0.0 0.0 0.0 0.0 0.0]
# solution trouvée
# |------+------+------+------+------+------+------+------+------+------+------+
# |  1   |  8   |  4   |  9   |  5   |      | 11   |  2   | 10   |  7   |  6   |
# |------+------+------+------+------+------+------+------+------+------+------+
# |  9   | 11   |  2   |  1   |      | 10   |  7   |  4   |  5   |  8   |  3   |
# |------+------+------+------+------+------+------+------+------+------+------+
# |  5   |  7   |  8   |  2   |  6   |  9   |  4   |  1   |  3   | 10   | 11   |
# |------+------+------+------+------+------+------+------+------+------+------+
# |  6   | 10   |  1   | 11   |  8   |  2   |      |  3   |  9   |  5   |  7   |
# |------+------+------+------+------+------+------+------+------+------+------+
# |  2   |  9   |  5   |  8   |      |  3   | 10   | 11   |  7   |  6   |  4   |
# |------+------+------+------+------+------+------+------+------+------+------+
# |  8   |  4   | 11   |  3   |  1   |  5   |  6   |  7   |  2   |  9   | 10   |
# |------+------+------+------+------+------+------+------+------+------+------+
# | 10   |  3   |  6   |  7   |  4   | 11   |  9   |  5   |  8   |  2   |  1   |
# |------+------+------+------+------+------+------+------+------+------+------+
# | 11   |  1   |  7   |  5   |  9   |      |  8   |  6   |  4   |  3   |  2   |
# |------+------+------+------+------+------+------+------+------+------+------+
# |  4   |  6   |  3   | 10   |  2   |  8   |  1   |  9   | 11   |      |  5   |
# |------+------+------+------+------+------+------+------+------+------+------+
# |  7   |  5   |  9   |      | 11   |  1   |  2   | 10   |  6   |  4   |  8   |
# |------+------+------+------+------+------+------+------+------+------+------+
# |  3   |  2   | 10   |  4   |  7   |  6   |  5   |  8   |  1   | 11   |  9   |
# |------+------+------+------+------+------+------+------+------+------+------+
