solveTime = 0.01100015640258789
isOptimal = true
solution = [0.0 0.0 0.0 0.0 1.0 0.0 0.0 0.0 0.0 0.0; 1.0 0.0 0.0 0.0 0.0 0.0 0.0 0.0 0.0 0.0; 0.0 0.0 1.0 0.0 0.0 0.0 0.0 0.0 0.0 0.0; 1.0 0.0 0.0 0.0 0.0 0.0 0.0 0.0 0.0 0.0; 0.0 0.0 0.0 0.0 0.0 0.0 0.0 0.0 0.0 0.0; 0.0 0.0 0.0 0.0 0.0 0.0 0.0 0.0 0.0 0.0; 0.0 0.0 0.0 0.0 0.0 0.0 0.0 0.0 0.0 1.0; 0.0 0.0 0.0 0.0 0.0 0.0 0.0 0.0 1.0 0.0; 0.0 0.0 0.0 0.0 0.0 0.0 1.0 0.0 0.0 0.0; 0.0 0.0 0.0 0.0 0.0 1.0 0.0 0.0 0.0 0.0]
# solution trouvée
# |------+------+------+------+------+------+------+------+------+------+
# |  7   |  1   |  5   |  4   |      | 10   |  8   |  6   |  3   |  9   |
# |------+------+------+------+------+------+------+------+------+------+
# |      |  2   |  3   |  5   |  1   |  6   |  9   | 10   |  8   |  4   |
# |------+------+------+------+------+------+------+------+------+------+
# |  9   |  5   |      |  8   |  7   |  2   |  6   |  4   | 10   |  3   |
# |------+------+------+------+------+------+------+------+------+------+
# |      | 10   |  8   |  9   |  6   |  3   |  5   |  2   |  4   |  1   |
# |------+------+------+------+------+------+------+------+------+------+
# |  3   |  4   |  2   |  6   | 10   |  5   |  7   |  1   |  9   |  8   |
# |------+------+------+------+------+------+------+------+------+------+
# |  2   |  9   |  6   |  1   |  4   |  8   |  3   |  5   |  7   | 10   |
# |------+------+------+------+------+------+------+------+------+------+
# |  5   |  7   |  1   |  2   |  3   |  9   | 10   |  8   |  6   |      |
# |------+------+------+------+------+------+------+------+------+------+
# |  8   |  6   | 10   |  7   |  9   |  1   |  2   |  3   |      |  5   |
# |------+------+------+------+------+------+------+------+------+------+
# |  1   |  3   |  9   | 10   |  5   |  4   |      |  7   |  2   |  6   |
# |------+------+------+------+------+------+------+------+------+------+
# |  6   |  8   |  4   |  3   |  2   |      |  1   |  9   |  5   |  7   |
# |------+------+------+------+------+------+------+------+------+------+
