solveTime = 0.013000011444091797
isOptimal = true
solution = [0.0 0.0 0.0 0.0 0.0 0.0 1.0 0.0 0.0; 1.0 0.0 0.0 0.0 0.0 0.0 0.0 0.0 0.0; 0.0 0.0 0.0 0.0 0.0 0.0 0.0 1.0 0.0; 0.0 0.0 0.0 0.0 0.0 0.0 0.0 0.0 1.0; 0.0 0.0 0.0 0.0 1.0 0.0 0.0 0.0 0.0; 0.0 0.0 0.0 0.0 0.0 0.0 1.0 0.0 0.0; 0.0 0.0 0.0 0.0 0.0 0.0 0.0 1.0 0.0; 0.0 0.0 0.0 0.0 1.0 0.0 0.0 0.0 0.0; 0.0 1.0 0.0 0.0 0.0 0.0 0.0 0.0 0.0]
# solution trouvée
# |----+----+----+----+----+----+----+----+----+
# | 4  | 5  | 9  | 3  | 8  | 7  |    | 1  | 2  |
# |----+----+----+----+----+----+----+----+----+
# |    | 3  | 7  | 5  | 4  | 2  | 9  | 8  | 6  |
# |----+----+----+----+----+----+----+----+----+
# | 9  | 8  | 2  | 1  | 5  | 4  | 7  |    | 3  |
# |----+----+----+----+----+----+----+----+----+
# | 2  | 6  | 4  | 7  | 1  | 3  | 5  | 9  |    |
# |----+----+----+----+----+----+----+----+----+
# | 6  | 9  | 1  | 4  |    | 5  | 2  | 7  | 8  |
# |----+----+----+----+----+----+----+----+----+
# | 5  | 7  | 8  | 2  | 3  | 6  |    | 4  | 1  |
# |----+----+----+----+----+----+----+----+----+
# | 8  | 4  | 5  | 6  | 9  | 1  | 3  |    | 7  |
# |----+----+----+----+----+----+----+----+----+
# | 1  | 2  | 6  | 9  |    | 8  | 4  | 3  | 5  |
# |----+----+----+----+----+----+----+----+----+
# | 7  |    | 3  | 8  | 6  | 9  | 1  | 2  | 4  |
# |----+----+----+----+----+----+----+----+----+
