solveTime = 0.01100015640258789
isOptimal = true
solution = [0.0 0.0 0.0 0.0 0.0 0.0 0.0 0.0 1.0 0.0; 0.0 0.0 0.0 0.0 1.0 0.0 0.0 0.0 0.0 0.0; 0.0 0.0 0.0 0.0 0.0 0.0 0.0 0.0 0.0 0.0; 0.0 0.0 0.0 0.0 0.0 0.0 0.0 0.0 0.0 0.0; 0.0 0.0 1.0 0.0 0.0 0.0 0.0 0.0 0.0 0.0; 0.0 1.0 0.0 0.0 0.0 0.0 0.0 0.0 0.0 0.0; 0.0 0.0 0.0 0.0 0.0 0.0 0.0 0.0 0.0 0.0; 0.0 0.0 0.0 0.0 0.0 0.0 0.0 1.0 0.0 0.0; 0.0 0.0 0.0 0.0 0.0 1.0 0.0 0.0 0.0 0.0; 0.0 0.0 0.0 0.0 0.0 0.0 0.0 1.0 0.0 0.0]
# solution trouvée
# |------+------+------+------+------+------+------+------+------+------+
# |  1   |  9   |  8   |  2   |  3   |  6   |  5   |  7   |      |  4   |
# |------+------+------+------+------+------+------+------+------+------+
# |  6   |  1   | 10   |  3   |      |  2   |  8   |  5   |  7   |  9   |
# |------+------+------+------+------+------+------+------+------+------+
# |  7   |  2   |  6   |  4   |  1   |  9   | 10   |  3   |  5   |  8   |
# |------+------+------+------+------+------+------+------+------+------+
# |  4   |  8   |  9   |  5   |  2   |  3   |  6   | 10   |  1   |  7   |
# |------+------+------+------+------+------+------+------+------+------+
# |  8   | 10   |      |  1   |  7   |  4   |  2   |  9   |  6   |  5   |
# |------+------+------+------+------+------+------+------+------+------+
# |  9   |      |  1   | 10   |  5   |  7   |  4   |  8   |  2   |  3   |
# |------+------+------+------+------+------+------+------+------+------+
# | 10   |  7   |  3   |  6   |  8   |  5   |  9   |  2   |  4   |  1   |
# |------+------+------+------+------+------+------+------+------+------+
# |  2   |  3   |  5   |  7   |  4   |  8   |  1   |      | 10   |  6   |
# |------+------+------+------+------+------+------+------+------+------+
# |  3   |  4   |  2   |  9   |  6   |      |  7   |  1   |  8   | 10   |
# |------+------+------+------+------+------+------+------+------+------+
# |  5   |  6   |  7   |  8   | 10   |  1   |  3   |      |  9   |  2   |
# |------+------+------+------+------+------+------+------+------+------+
