solveTime = 0.006999969482421875
isOptimal = true
solution = [0.0 0.0 0.0 0.0 0.0 0.0 0.0; 0.0 0.0 0.0 0.0 0.0 0.0 0.0; 0.0 0.0 1.0 0.0 0.0 0.0 0.0; 0.0 1.0 0.0 0.0 0.0 0.0 0.0; 0.0 0.0 0.0 0.0 0.0 0.0 0.0; 0.0 0.0 0.0 0.0 1.0 0.0 0.0; 0.0 0.0 0.0 0.0 0.0 0.0 1.0]
# solution trouvée
# |----+----+----+----+----+----+----+
# | 4  | 3  | 6  | 7  | 1  | 2  | 5  |
# |----+----+----+----+----+----+----+
# | 1  | 5  | 4  | 2  | 6  | 3  | 7  |
# |----+----+----+----+----+----+----+
# | 6  | 7  |    | 4  | 5  | 1  | 2  |
# |----+----+----+----+----+----+----+
# | 7  |    | 2  | 6  | 4  | 5  | 3  |
# |----+----+----+----+----+----+----+
# | 5  | 1  | 7  | 3  | 2  | 4  | 6  |
# |----+----+----+----+----+----+----+
# | 2  | 6  | 5  | 1  |    | 7  | 4  |
# |----+----+----+----+----+----+----+
# | 3  | 2  | 1  | 5  | 7  | 6  |    |
# |----+----+----+----+----+----+----+
