solveTime = 2.0989999771118164
isOptimal = true
solution = [0.0 0.0 0.0 0.0 0.0 0.0 0.0 0.0 0.0 0.0; 0.0 1.0 0.0 1.0 0.0 0.0 0.0 0.0 0.0 0.0; 0.0 0.0 0.0 0.0 0.0 0.0 0.0 0.0 0.0 0.0; 0.0 0.0 0.0 0.0 0.0 0.0 0.0 0.0 1.0 0.0; 0.0 0.0 0.0 0.0 0.0 1.0 0.0 0.0 0.0 0.0; 0.0 0.0 0.0 0.0 0.0 0.0 0.0 0.0 0.0 0.0; 0.0 0.0 0.0 0.0 0.0 0.0 0.0 0.0 0.0 0.0; 0.0 0.0 0.0 0.0 0.0 0.0 0.0 0.0 0.0 0.0; 0.0 0.0 1.0 0.0 0.0 0.0 0.0 0.0 0.0 0.0; 0.0 0.0 0.0 0.0 0.0 0.0 0.0 0.0 0.0 0.0]
# solution trouvée
# |------+------+------+------+------+------+------+------+------+------+
# |  2   | 10   |  7   |  5   |  8   |  6   |  9   |  4   |  3   |  1   |
# |------+------+------+------+------+------+------+------+------+------+
# |  4   |      |  2   |      |  5   |  9   | 10   |  7   |  8   |  3   |
# |------+------+------+------+------+------+------+------+------+------+
# |  7   |  3   |  8   | 10   |  1   |  2   |  6   |  9   |  4   |  5   |
# |------+------+------+------+------+------+------+------+------+------+
# |  1   |  4   | 10   |  8   |  3   |  5   |  7   |  2   |      |  6   |
# |------+------+------+------+------+------+------+------+------+------+
# |  8   |  9   |  5   |  3   |  4   |      |  1   | 10   |  2   |  7   |
# |------+------+------+------+------+------+------+------+------+------+
# |  9   |  8   |  6   |  7   |  2   | 10   |  3   |  1   |  5   |  4   |
# |------+------+------+------+------+------+------+------+------+------+
# |  3   |  5   |  1   |  4   |  6   |  7   |  2   |  8   |  9   | 10   |
# |------+------+------+------+------+------+------+------+------+------+
# |  6   |  2   |  3   |  1   |  7   |  8   |  4   |  5   | 10   |  9   |
# |------+------+------+------+------+------+------+------+------+------+
# |  5   |  7   |      |  6   | 10   |  4   |  8   |  3   |  1   |  2   |
# |------+------+------+------+------+------+------+------+------+------+
# | 10   |  1   |  4   |  2   |  9   |  3   |  5   |  6   |  7   |  8   |
# |------+------+------+------+------+------+------+------+------+------+
