solveTime = 0.010000228881835938
isOptimal = true
solution = [0.0 0.0 0.0 0.0 0.0 0.0 0.0; 0.0 0.0 0.0 0.0 1.0 0.0 0.0; 0.0 0.0 0.0 0.0 0.0 0.0 0.0; 0.0 0.0 0.0 0.0 0.0 0.0 0.0; 0.0 0.0 0.0 1.0 0.0 0.0 0.0; 0.0 0.0 1.0 0.0 0.0 0.0 0.0; 0.0 0.0 0.0 0.0 0.0 1.0 0.0]
# solution trouvée
# |----+----+----+----+----+----+----+
# | 1  | 5  | 7  | 6  | 2  | 4  | 3  |
# |----+----+----+----+----+----+----+
# | 7  | 3  | 5  | 1  |    | 6  | 2  |
# |----+----+----+----+----+----+----+
# | 4  | 6  | 2  | 7  | 1  | 3  | 5  |
# |----+----+----+----+----+----+----+
# | 2  | 1  | 3  | 4  | 7  | 5  | 6  |
# |----+----+----+----+----+----+----+
# | 3  | 4  | 6  |    | 5  | 2  | 1  |
# |----+----+----+----+----+----+----+
# | 6  | 7  |    | 2  | 3  | 1  | 4  |
# |----+----+----+----+----+----+----+
# | 5  | 2  | 1  | 3  | 4  |    | 7  |
# |----+----+----+----+----+----+----+
