solveTime = 0.026999950408935547
isOptimal = true
solution = [0.0 0.0 0.0 1.0 0.0 0.0 0.0 0.0 0.0; 0.0 0.0 0.0 0.0 0.0 0.0 1.0 0.0 0.0; 0.0 0.0 0.0 0.0 0.0 0.0 0.0 0.0 0.0; 0.0 0.0 0.0 0.0 0.0 0.0 0.0 0.0 0.0; 0.0 0.0 0.0 0.0 0.0 0.0 0.0 1.0 0.0; 0.0 0.0 0.0 0.0 1.0 0.0 0.0 0.0 0.0; 1.0 0.0 0.0 0.0 0.0 1.0 0.0 0.0 0.0; 0.0 0.0 0.0 0.0 0.0 0.0 0.0 0.0 0.0; 0.0 0.0 0.0 0.0 1.0 0.0 0.0 0.0 0.0]
# solution trouvée
# |----+----+----+----+----+----+----+----+----+
# | 8  | 5  | 1  |    | 2  | 7  | 4  | 9  | 3  |
# |----+----+----+----+----+----+----+----+----+
# | 4  | 3  | 7  | 5  | 1  | 8  |    | 6  | 2  |
# |----+----+----+----+----+----+----+----+----+
# | 2  | 7  | 6  | 9  | 8  | 1  | 3  | 4  | 5  |
# |----+----+----+----+----+----+----+----+----+
# | 9  | 2  | 5  | 6  | 4  | 3  | 1  | 8  | 7  |
# |----+----+----+----+----+----+----+----+----+
# | 5  | 9  | 4  | 3  | 7  | 6  | 8  |    | 1  |
# |----+----+----+----+----+----+----+----+----+
# | 1  | 4  | 3  | 8  |    | 5  | 6  | 7  | 9  |
# |----+----+----+----+----+----+----+----+----+
# |    | 8  | 2  | 4  | 5  |    | 9  | 1  | 6  |
# |----+----+----+----+----+----+----+----+----+
# | 3  | 1  | 9  | 2  | 6  | 4  | 7  | 5  | 8  |
# |----+----+----+----+----+----+----+----+----+
# | 7  | 6  | 8  | 1  |    | 9  | 2  | 3  | 4  |
# |----+----+----+----+----+----+----+----+----+
