solveTime = 0.010999917984008789
isOptimal = true
solution = [0.0 0.0 0.0 0.0 0.0 0.0 0.0 0.0; 1.0 0.0 0.0 0.0 0.0 0.0 0.0 0.0; 0.0 0.0 0.0 0.0 1.0 0.0 0.0 0.0; 0.0 0.0 0.0 0.0 0.0 0.0 1.0 0.0; 0.0 0.0 0.0 0.0 0.0 0.0 0.0 0.0; 0.0 0.0 0.0 0.0 0.0 0.0 0.0 0.0; 0.0 0.0 0.0 0.0 0.0 1.0 0.0 0.0; 0.0 0.0 0.0 0.0 1.0 0.0 0.0 0.0]
# solution trouvée
# |----+----+----+----+----+----+----+----+
# | 1  | 7  | 2  | 5  | 4  | 8  | 6  | 3  |
# |----+----+----+----+----+----+----+----+
# |    | 2  | 7  | 4  | 8  | 5  | 1  | 6  |
# |----+----+----+----+----+----+----+----+
# | 5  | 6  | 8  | 1  |    | 3  | 2  | 7  |
# |----+----+----+----+----+----+----+----+
# | 6  | 1  | 3  | 8  | 2  | 7  |    | 5  |
# |----+----+----+----+----+----+----+----+
# | 8  | 3  | 5  | 7  | 6  | 2  | 4  | 1  |
# |----+----+----+----+----+----+----+----+
# | 3  | 4  | 1  | 2  | 5  | 6  | 7  | 8  |
# |----+----+----+----+----+----+----+----+
# | 2  | 8  | 6  | 3  | 7  |    | 5  | 4  |
# |----+----+----+----+----+----+----+----+
# | 7  | 5  | 4  | 6  |    | 1  | 8  | 2  |
# |----+----+----+----+----+----+----+----+
