solveTime = 0.009999990463256836
isOptimal = true
solution = [0.0 0.0 0.0 0.0 0.0 0.0 0.0 0.0 0.0 0.0; 0.0 0.0 0.0 1.0 0.0 0.0 0.0 0.0 0.0 0.0; 0.0 0.0 0.0 0.0 0.0 0.0 0.0 0.0 0.0 0.0; 0.0 0.0 0.0 0.0 0.0 0.0 0.0 0.0 0.0 1.0; 0.0 0.0 0.0 0.0 0.0 1.0 0.0 0.0 0.0 0.0; 0.0 0.0 0.0 0.0 0.0 0.0 0.0 0.0 0.0 0.0; 0.0 0.0 0.0 0.0 0.0 0.0 1.0 0.0 0.0 0.0; 0.0 0.0 0.0 0.0 0.0 0.0 0.0 1.0 0.0 0.0; 0.0 0.0 0.0 0.0 0.0 0.0 0.0 0.0 0.0 1.0; 0.0 0.0 0.0 0.0 0.0 0.0 0.0 0.0 0.0 0.0]
# solution trouvée
# |------+------+------+------+------+------+------+------+------+------+
# |  2   |  5   |  4   |  6   | 10   |  3   |  8   |  9   |  1   |  7   |
# |------+------+------+------+------+------+------+------+------+------+
# |  6   |  3   |  5   |      |  1   |  4   |  7   |  2   |  9   |  8   |
# |------+------+------+------+------+------+------+------+------+------+
# |  5   | 10   |  7   |  9   |  8   |  1   |  6   |  3   |  2   |  4   |
# |------+------+------+------+------+------+------+------+------+------+
# |  4   |  1   |  9   |  8   |  5   | 10   |  3   |  7   |  6   |      |
# |------+------+------+------+------+------+------+------+------+------+
# |  1   |  7   |  8   |  4   |  3   |      |  2   |  5   | 10   |  9   |
# |------+------+------+------+------+------+------+------+------+------+
# |  9   |  8   |  2   | 10   |  7   |  5   |  4   |  6   |  3   |  1   |
# |------+------+------+------+------+------+------+------+------+------+
# |  8   |  6   |  1   |  5   |  2   |  9   |      |  4   |  7   |  3   |
# |------+------+------+------+------+------+------+------+------+------+
# | 10   |  9   |  3   |  1   |  6   |  8   |  5   |      |  4   |  2   |
# |------+------+------+------+------+------+------+------+------+------+
# |  3   |  2   | 10   |  7   |  4   |  6   |  9   |  8   |  5   |      |
# |------+------+------+------+------+------+------+------+------+------+
# |  7   |  4   |  6   |  3   |  9   |  2   | 10   |  1   |  8   |  5   |
# |------+------+------+------+------+------+------+------+------+------+
