solveTime = 0.010999917984008789
isOptimal = true
solution = [1.0 0.0 0.0 0.0 0.0 0.0 0.0 0.0; 0.0 0.0 0.0 0.0 0.0 0.0 1.0 0.0; 0.0 1.0 0.0 0.0 0.0 0.0 0.0 1.0; 0.0 0.0 0.0 0.0 0.0 1.0 0.0 0.0; 0.0 0.0 0.0 0.0 0.0 0.0 0.0 1.0; 0.0 0.0 0.0 0.0 0.0 1.0 0.0 0.0; 1.0 0.0 0.0 0.0 0.0 0.0 0.0 0.0; 0.0 0.0 0.0 0.0 0.0 0.0 0.0 0.0]
# solution trouvée
# |----+----+----+----+----+----+----+----+
# |    | 8  | 4  | 1  | 5  | 6  | 7  | 2  |
# |----+----+----+----+----+----+----+----+
# | 5  | 6  | 7  | 2  | 4  | 3  |    | 1  |
# |----+----+----+----+----+----+----+----+
# | 2  |    | 8  | 6  | 3  | 1  | 5  |    |
# |----+----+----+----+----+----+----+----+
# | 1  | 2  | 5  | 3  | 7  |    | 8  | 4  |
# |----+----+----+----+----+----+----+----+
# | 8  | 4  | 2  | 7  | 6  | 5  | 1  |    |
# |----+----+----+----+----+----+----+----+
# | 6  | 7  | 3  | 8  | 1  |    | 2  | 5  |
# |----+----+----+----+----+----+----+----+
# |    | 1  | 6  | 5  | 8  | 4  | 3  | 7  |
# |----+----+----+----+----+----+----+----+
# | 7  | 5  | 1  | 4  | 2  | 8  | 6  | 3  |
# |----+----+----+----+----+----+----+----+
