solveTime = 0.012000083923339844
isOptimal = true
solution = [0.0 0.0 0.0 0.0 0.0 0.0 0.0 0.0 0.0 0.0 0.0 0.0; 0.0 0.0 0.0 0.0 0.0 0.0 0.0 0.0 0.0 0.0 0.0 0.0; 0.0 0.0 0.0 0.0 0.0 0.0 0.0 0.0 0.0 0.0 0.0 1.0; 0.0 0.0 0.0 0.0 0.0 0.0 0.0 0.0 1.0 0.0 1.0 0.0; 0.0 0.0 0.0 0.0 0.0 0.0 0.0 0.0 0.0 0.0 0.0 0.0; 0.0 0.0 0.0 0.0 0.0 0.0 0.0 0.0 0.0 0.0 0.0 1.0; 1.0 0.0 0.0 0.0 0.0 0.0 0.0 0.0 0.0 0.0 0.0 0.0; 0.0 0.0 0.0 0.0 0.0 0.0 0.0 0.0 0.0 0.0 0.0 0.0; 0.0 0.0 0.0 0.0 0.0 0.0 0.0 0.0 0.0 0.0 0.0 0.0; 0.0 0.0 0.0 0.0 0.0 0.0 0.0 0.0 0.0 0.0 0.0 0.0; 0.0 0.0 0.0 0.0 0.0 0.0 0.0 1.0 0.0 0.0 0.0 0.0; 0.0 0.0 0.0 0.0 1.0 0.0 0.0 0.0 0.0 0.0 0.0 0.0]
# solution trouvée
# |------+------+------+------+------+------+------+------+------+------+------+------+
# |  1   |  9   | 12   |  8   | 10   |  5   |  2   | 11   |  3   |  7   |  6   |  4   |
# |------+------+------+------+------+------+------+------+------+------+------+------+
# |  6   | 12   |  1   |  2   |  8   |  9   | 11   |  4   |  5   |  3   |  7   | 10   |
# |------+------+------+------+------+------+------+------+------+------+------+------+
# | 11   |  8   |  4   |  3   |  1   |  6   |  9   |  7   | 10   | 12   |  5   |      |
# |------+------+------+------+------+------+------+------+------+------+------+------+
# |  7   |  2   | 11   |  5   |  4   |  1   | 10   |  8   |      |  9   |      |  6   |
# |------+------+------+------+------+------+------+------+------+------+------+------+
# |  3   |  4   |  9   |  7   |  6   | 10   |  5   | 12   |  1   |  8   |  2   | 11   |
# |------+------+------+------+------+------+------+------+------+------+------+------+
# |  8   |  3   |  2   | 12   |  7   | 11   |  6   |  9   |  4   | 10   |  1   |      |
# |------+------+------+------+------+------+------+------+------+------+------+------+
# |      |  6   |  3   |  1   |  5   | 12   |  7   | 10   |  2   |  4   |  8   |  9   |
# |------+------+------+------+------+------+------+------+------+------+------+------+
# |  5   | 11   | 10   |  6   |  9   |  8   |  4   |  2   |  7   |  1   |  3   | 12   |
# |------+------+------+------+------+------+------+------+------+------+------+------+
# | 10   |  7   |  8   |  9   |  2   |  3   | 12   |  1   | 11   |  6   |  4   |  5   |
# |------+------+------+------+------+------+------+------+------+------+------+------+
# |  9   | 10   |  5   |  4   |  3   |  7   |  1   |  6   |  8   | 11   | 12   |  2   |
# |------+------+------+------+------+------+------+------+------+------+------+------+
# |  4   |  1   |  7   | 11   | 12   |  2   |  3   |      |  6   |  5   |  9   |  8   |
# |------+------+------+------+------+------+------+------+------+------+------+------+
# | 12   |  5   |  6   | 10   |      |  4   |  8   |  3   |  9   |  2   | 11   |  7   |
# |------+------+------+------+------+------+------+------+------+------+------+------+
