solveTime = 0.012000083923339844
isOptimal = true
solution = [0.0 0.0 0.0 0.0 0.0 0.0 0.0 0.0 0.0 0.0 0.0 0.0 0.0; 0.0 0.0 0.0 0.0 0.0 1.0 0.0 0.0 0.0 1.0 0.0 0.0 0.0; 0.0 0.0 0.0 0.0 0.0 0.0 0.0 0.0 0.0 0.0 0.0 0.0 0.0; 0.0 0.0 1.0 0.0 0.0 0.0 0.0 0.0 0.0 0.0 0.0 0.0 0.0; 0.0 0.0 0.0 0.0 0.0 0.0 1.0 0.0 0.0 0.0 0.0 0.0 0.0; 0.0 0.0 0.0 0.0 0.0 0.0 0.0 1.0 0.0 0.0 0.0 0.0 0.0; 0.0 0.0 0.0 0.0 0.0 0.0 0.0 0.0 0.0 0.0 0.0 0.0 0.0; 0.0 0.0 0.0 0.0 0.0 0.0 0.0 0.0 0.0 0.0 0.0 0.0 0.0; 0.0 0.0 0.0 0.0 0.0 0.0 0.0 0.0 0.0 0.0 0.0 0.0 1.0; 0.0 0.0 0.0 0.0 0.0 0.0 0.0 0.0 0.0 0.0 1.0 0.0 0.0; 0.0 0.0 0.0 0.0 0.0 0.0 0.0 0.0 0.0 0.0 0.0 0.0 1.0; 0.0 0.0 0.0 0.0 0.0 0.0 0.0 0.0 0.0 1.0 0.0 0.0 0.0; 0.0 0.0 0.0 0.0 0.0 0.0 0.0 0.0 0.0 0.0 0.0 0.0 0.0]
# solution trouvée
# |------+------+------+------+------+------+------+------+------+------+------+------+------+
# | 12   |  9   | 11   | 10   |  5   |  3   |  2   | 13   |  4   |  7   |  1   |  8   |  6   |
# |------+------+------+------+------+------+------+------+------+------+------+------+------+
# | 10   | 12   |  3   |  5   |  9   |      | 13   |  1   |  2   |      |  8   |  6   |  4   |
# |------+------+------+------+------+------+------+------+------+------+------+------+------+
# | 13   |  2   |  5   |  6   |  1   | 12   |  7   | 10   | 11   |  4   |  9   |  3   |  8   |
# |------+------+------+------+------+------+------+------+------+------+------+------+------+
# |  3   |  7   |      | 13   | 10   | 11   |  4   | 12   |  8   |  2   |  5   |  9   |  1   |
# |------+------+------+------+------+------+------+------+------+------+------+------+------+
# | 11   |  5   |  2   |  3   |  4   |  6   |      |  9   |  1   | 13   |  7   | 10   | 12   |
# |------+------+------+------+------+------+------+------+------+------+------+------+------+
# |  5   |  1   | 13   |  9   |  6   |  8   |  3   |      | 10   | 12   | 11   |  2   |  7   |
# |------+------+------+------+------+------+------+------+------+------+------+------+------+
# |  9   | 10   |  8   | 11   |  7   |  4   |  5   |  6   | 12   |  3   |  2   |  1   | 13   |
# |------+------+------+------+------+------+------+------+------+------+------+------+------+
# |  4   | 13   |  9   |  7   |  8   |  2   |  1   |  3   |  6   | 11   | 12   |  5   | 10   |
# |------+------+------+------+------+------+------+------+------+------+------+------+------+
# |  7   |  8   | 12   |  1   | 11   | 13   | 10   |  2   |  3   |  9   |  6   |  4   |      |
# |------+------+------+------+------+------+------+------+------+------+------+------+------+
# |  2   |  4   |  7   |  8   | 13   |  5   |  6   | 11   |  9   |  1   |      | 12   |  3   |
# |------+------+------+------+------+------+------+------+------+------+------+------+------+
# |  8   | 11   |  6   | 12   |  2   |  1   |  9   |  4   | 13   |  5   |  3   |  7   |      |
# |------+------+------+------+------+------+------+------+------+------+------+------+------+
# |  6   |  3   |  1   |  4   | 12   |  9   | 11   |  8   |  7   |      | 10   | 13   |  2   |
# |------+------+------+------+------+------+------+------+------+------+------+------+------+
# |  1   |  6   |  4   |  2   |  3   | 10   | 12   |  7   |  5   |  8   | 13   | 11   |  9   |
# |------+------+------+------+------+------+------+------+------+------+------+------+------+
