solveTime = 0.013000011444091797
isOptimal = true
solution = [0.0 1.0 0.0 0.0 0.0 0.0 0.0 0.0; 0.0 0.0 0.0 0.0 0.0 0.0 0.0 1.0; 0.0 0.0 0.0 0.0 0.0 1.0 0.0 0.0; 0.0 0.0 0.0 0.0 0.0 0.0 1.0 0.0; 0.0 0.0 0.0 0.0 0.0 0.0 0.0 1.0; 0.0 0.0 1.0 0.0 0.0 0.0 0.0 0.0; 0.0 0.0 0.0 0.0 0.0 0.0 1.0 0.0; 0.0 0.0 0.0 0.0 0.0 1.0 0.0 0.0]
# solution trouvée
# |----+----+----+----+----+----+----+----+
# | 1  |    | 5  | 6  | 7  | 2  | 8  | 4  |
# |----+----+----+----+----+----+----+----+
# | 4  | 1  | 3  | 5  | 8  | 7  | 2  |    |
# |----+----+----+----+----+----+----+----+
# | 6  | 2  | 4  | 7  | 1  |    | 5  | 3  |
# |----+----+----+----+----+----+----+----+
# | 2  | 3  | 8  | 1  | 5  | 4  |    | 7  |
# |----+----+----+----+----+----+----+----+
# | 7  | 5  | 2  | 8  | 6  | 1  | 3  |    |
# |----+----+----+----+----+----+----+----+
# | 3  | 6  |    | 2  | 4  | 5  | 7  | 1  |
# |----+----+----+----+----+----+----+----+
# | 8  | 4  | 1  | 3  | 2  | 6  |    | 5  |
# |----+----+----+----+----+----+----+----+
# | 5  | 8  | 6  | 4  | 3  |    | 1  | 2  |
# |----+----+----+----+----+----+----+----+
