solveTime = 0.011999845504760742
isOptimal = true
solution = [0.0 0.0 0.0 1.0 0.0 0.0 0.0 0.0 0.0 0.0 0.0 0.0; 0.0 0.0 0.0 0.0 1.0 0.0 0.0 0.0 0.0 0.0 0.0 0.0; 0.0 0.0 0.0 0.0 0.0 1.0 0.0 0.0 0.0 0.0 0.0 0.0; 0.0 0.0 0.0 0.0 0.0 0.0 1.0 0.0 0.0 0.0 0.0 0.0; 0.0 0.0 0.0 0.0 0.0 0.0 0.0 0.0 0.0 0.0 0.0 0.0; 0.0 0.0 0.0 0.0 0.0 0.0 0.0 0.0 0.0 0.0 1.0 0.0; 0.0 0.0 0.0 0.0 1.0 0.0 0.0 0.0 0.0 0.0 0.0 0.0; 0.0 0.0 0.0 0.0 0.0 0.0 0.0 0.0 1.0 0.0 0.0 0.0; 0.0 0.0 0.0 0.0 0.0 0.0 0.0 0.0 0.0 0.0 0.0 0.0; 0.0 0.0 0.0 0.0 0.0 0.0 0.0 0.0 0.0 0.0 0.0 0.0; 0.0 0.0 0.0 0.0 0.0 0.0 0.0 0.0 0.0 0.0 0.0 0.0; 0.0 0.0 0.0 0.0 0.0 0.0 0.0 1.0 0.0 0.0 0.0 0.0]
# solution trouvée
# |------+------+------+------+------+------+------+------+------+------+------+------+
# |  2   |  8   |  1   |      | 10   |  5   |  3   |  9   |  6   |  7   | 12   |  4   |
# |------+------+------+------+------+------+------+------+------+------+------+------+
# |  3   | 10   |  5   |  9   |      |  8   | 12   |  7   |  4   | 11   |  6   |  1   |
# |------+------+------+------+------+------+------+------+------+------+------+------+
# |  4   |  7   | 12   | 11   |  9   |      |  8   |  3   |  1   | 10   |  2   |  6   |
# |------+------+------+------+------+------+------+------+------+------+------+------+
# | 12   |  4   |  7   | 10   |  2   |  9   |      |  5   | 11   |  1   |  3   |  8   |
# |------+------+------+------+------+------+------+------+------+------+------+------+
# |  6   | 11   | 10   |  4   |  7   |  2   |  9   | 12   |  5   |  8   |  1   |  3   |
# |------+------+------+------+------+------+------+------+------+------+------+------+
# |  5   |  2   |  8   |  7   | 12   | 10   |  4   |  6   |  9   |  3   |      | 11   |
# |------+------+------+------+------+------+------+------+------+------+------+------+
# |  8   |  5   | 11   |  2   |      |  4   | 10   |  1   | 12   |  6   |  9   |  7   |
# |------+------+------+------+------+------+------+------+------+------+------+------+
# |  9   |  1   |  6   |  5   | 11   |  3   |  7   | 10   |      |  2   |  8   | 12   |
# |------+------+------+------+------+------+------+------+------+------+------+------+
# |  7   |  3   |  9   |  8   |  6   | 12   |  1   |  2   | 10   |  4   | 11   |  5   |
# |------+------+------+------+------+------+------+------+------+------+------+------+
# | 11   |  9   |  3   | 12   |  8   |  1   |  6   |  4   |  7   |  5   | 10   |  2   |
# |------+------+------+------+------+------+------+------+------+------+------+------+
# |  1   | 12   |  4   |  6   |  5   | 11   |  2   |  8   |  3   |  9   |  7   | 10   |
# |------+------+------+------+------+------+------+------+------+------+------+------+
# | 10   |  6   |  2   |  1   |  3   |  7   | 11   |      |  8   | 12   |  4   |  9   |
# |------+------+------+------+------+------+------+------+------+------+------+------+
