solveTime = 0.009999990463256836
isOptimal = true
solution = [0.0 0.0 0.0 1.0 0.0 0.0 0.0 0.0 0.0 0.0; 0.0 0.0 0.0 0.0 0.0 0.0 0.0 0.0 0.0 0.0; 0.0 0.0 0.0 0.0 0.0 0.0 0.0 1.0 0.0 0.0; 0.0 0.0 0.0 0.0 0.0 0.0 0.0 0.0 0.0 0.0; 0.0 0.0 0.0 0.0 0.0 0.0 0.0 0.0 0.0 0.0; 0.0 0.0 0.0 0.0 0.0 0.0 0.0 0.0 0.0 0.0; 0.0 0.0 0.0 0.0 1.0 0.0 0.0 0.0 0.0 0.0; 0.0 1.0 0.0 0.0 0.0 0.0 0.0 0.0 0.0 0.0; 0.0 0.0 0.0 0.0 0.0 0.0 0.0 0.0 0.0 0.0; 0.0 0.0 0.0 0.0 0.0 0.0 0.0 0.0 0.0 1.0]
# solution trouvée
# |------+------+------+------+------+------+------+------+------+------+
# |  5   |  3   |  4   |      |  8   |  6   |  2   |  7   |  9   |  1   |
# |------+------+------+------+------+------+------+------+------+------+
# | 10   |  5   |  9   |  8   |  4   |  3   |  6   |  1   |  7   |  2   |
# |------+------+------+------+------+------+------+------+------+------+
# |  3   | 10   |  6   |  4   |  1   |  5   |  7   |      |  8   |  9   |
# |------+------+------+------+------+------+------+------+------+------+
# |  8   |  7   |  1   |  2   |  3   | 10   |  9   |  5   |  4   |  6   |
# |------+------+------+------+------+------+------+------+------+------+
# |  6   |  2   |  5   | 10   |  9   |  8   |  4   |  3   |  1   |  7   |
# |------+------+------+------+------+------+------+------+------+------+
# |  4   |  1   |  7   |  3   |  6   |  2   |  5   |  9   | 10   |  8   |
# |------+------+------+------+------+------+------+------+------+------+
# |  9   |  8   | 10   |  1   |      |  7   |  3   |  4   |  2   |  5   |
# |------+------+------+------+------+------+------+------+------+------+
# |  7   |      |  2   |  5   | 10   |  1   |  8   |  6   |  3   |  4   |
# |------+------+------+------+------+------+------+------+------+------+
# |  1   |  4   |  8   |  7   |  5   |  9   | 10   |  2   |  6   |  3   |
# |------+------+------+------+------+------+------+------+------+------+
# |  2   |  9   |  3   |  6   |  7   |  4   |  1   |  8   |  5   |      |
# |------+------+------+------+------+------+------+------+------+------+
