solveTime = 0.012000083923339844
isOptimal = true
solution = [0.0 0.0 1.0 0.0 0.0 0.0 0.0 0.0; 1.0 0.0 0.0 0.0 1.0 0.0 0.0 0.0; 0.0 0.0 0.0 1.0 0.0 0.0 0.0 0.0; 0.0 0.0 0.0 0.0 0.0 0.0 0.0 0.0; 0.0 0.0 1.0 0.0 0.0 0.0 0.0 0.0; 0.0 0.0 0.0 0.0 0.0 0.0 0.0 0.0; 0.0 0.0 0.0 0.0 0.0 0.0 0.0 1.0; 0.0 0.0 0.0 0.0 0.0 0.0 0.0 0.0]
# solution trouvée
# |----+----+----+----+----+----+----+----+
# | 3  | 6  |    | 4  | 1  | 8  | 5  | 7  |
# |----+----+----+----+----+----+----+----+
# |    | 8  | 7  | 1  |    | 6  | 2  | 5  |
# |----+----+----+----+----+----+----+----+
# | 7  | 3  | 8  |    | 6  | 2  | 1  | 4  |
# |----+----+----+----+----+----+----+----+
# | 4  | 5  | 6  | 2  | 7  | 3  | 8  | 1  |
# |----+----+----+----+----+----+----+----+
# | 8  | 4  |    | 7  | 3  | 1  | 6  | 2  |
# |----+----+----+----+----+----+----+----+
# | 2  | 7  | 1  | 5  | 8  | 4  | 3  | 6  |
# |----+----+----+----+----+----+----+----+
# | 1  | 2  | 3  | 6  | 4  | 5  | 7  |    |
# |----+----+----+----+----+----+----+----+
# | 6  | 1  | 5  | 8  | 2  | 7  | 4  | 3  |
# |----+----+----+----+----+----+----+----+
