solveTime = 0.016000032424926758
isOptimal = true
solution = [0.0 0.0 0.0 0.0 0.0 0.0 0.0 0.0 1.0; 0.0 1.0 0.0 0.0 0.0 0.0 0.0 0.0 0.0; 0.0 0.0 0.0 0.0 1.0 0.0 0.0 0.0 0.0; 0.0 0.0 0.0 0.0 0.0 0.0 1.0 0.0 0.0; 0.0 0.0 0.0 0.0 0.0 0.0 0.0 1.0 0.0; 0.0 0.0 0.0 0.0 0.0 1.0 0.0 0.0 0.0; 0.0 0.0 0.0 0.0 0.0 0.0 0.0 0.0 0.0; 0.0 0.0 0.0 0.0 1.0 0.0 0.0 0.0 0.0; 0.0 0.0 0.0 0.0 0.0 0.0 1.0 0.0 0.0]
# solution trouvée
# |----+----+----+----+----+----+----+----+----+
# | 5  | 7  | 3  | 8  | 1  | 2  | 9  | 6  |    |
# |----+----+----+----+----+----+----+----+----+
# | 3  |    | 8  | 6  | 5  | 4  | 1  | 9  | 7  |
# |----+----+----+----+----+----+----+----+----+
# | 1  | 2  | 7  | 5  |    | 9  | 3  | 4  | 6  |
# |----+----+----+----+----+----+----+----+----+
# | 8  | 3  | 1  | 9  | 6  | 5  |    | 2  | 4  |
# |----+----+----+----+----+----+----+----+----+
# | 2  | 1  | 5  | 3  | 4  | 8  | 6  |    | 9  |
# |----+----+----+----+----+----+----+----+----+
# | 4  | 9  | 6  | 2  | 7  |    | 5  | 3  | 1  |
# |----+----+----+----+----+----+----+----+----+
# | 7  | 4  | 9  | 1  | 3  | 6  | 8  | 5  | 2  |
# |----+----+----+----+----+----+----+----+----+
# | 6  | 8  | 4  | 7  |    | 3  | 2  | 1  | 5  |
# |----+----+----+----+----+----+----+----+----+
# | 9  | 5  | 2  | 4  | 8  | 1  |    | 7  | 3  |
# |----+----+----+----+----+----+----+----+----+
