solveTime = 0.013000011444091797
isOptimal = true
solution = [0.0 0.0 0.0 0.0 0.0 0.0 0.0; 0.0 0.0 0.0 0.0 0.0 1.0 0.0; 0.0 0.0 0.0 0.0 0.0 0.0 0.0; 0.0 1.0 0.0 0.0 0.0 0.0 0.0; 0.0 0.0 0.0 0.0 1.0 0.0 0.0; 0.0 0.0 0.0 1.0 0.0 0.0 0.0; 0.0 0.0 0.0 0.0 0.0 0.0 1.0]
# solution trouvée
# |----+----+----+----+----+----+----+
# | 3  | 7  | 1  | 5  | 2  | 4  | 6  |
# |----+----+----+----+----+----+----+
# | 5  | 2  | 7  | 4  | 3  |    | 1  |
# |----+----+----+----+----+----+----+
# | 1  | 6  | 4  | 7  | 5  | 3  | 2  |
# |----+----+----+----+----+----+----+
# | 2  |    | 6  | 3  | 4  | 7  | 5  |
# |----+----+----+----+----+----+----+
# | 4  | 5  | 2  | 1  |    | 6  | 7  |
# |----+----+----+----+----+----+----+
# | 6  | 1  | 5  |    | 7  | 2  | 3  |
# |----+----+----+----+----+----+----+
# | 7  | 4  | 3  | 2  | 6  | 1  |    |
# |----+----+----+----+----+----+----+
