solveTime = 0.0
isOptimal = true
solution = [0.0 0.0 0.0 0.0 1.0 0.0 0.0 0.0 0.0; 0.0 0.0 0.0 0.0 0.0 0.0 0.0 0.0 0.0; 0.0 0.0 0.0 0.0 0.0 0.0 0.0 0.0 1.0; 0.0 0.0 0.0 0.0 0.0 0.0 0.0 0.0 0.0; 0.0 0.0 0.0 0.0 0.0 0.0 0.0 0.0 0.0; 0.0 0.0 0.0 0.0 0.0 0.0 0.0 0.0 0.0; 0.0 0.0 0.0 0.0 0.0 0.0 0.0 0.0 0.0; 0.0 0.0 0.0 0.0 0.0 1.0 0.0 0.0 0.0; 0.0 0.0 0.0 0.0 0.0 0.0 0.0 1.0 0.0]
# solution trouvée
# |----+----+----+----+----+----+----+----+----+
# | 6  | 4  | 1  | 8  |    | 7  | 5  | 2  | 9  |
# |----+----+----+----+----+----+----+----+----+
# | 7  | 1  | 8  | 2  | 9  | 5  | 3  | 6  | 4  |
# |----+----+----+----+----+----+----+----+----+
# | 2  | 8  | 4  | 5  | 1  | 9  | 6  | 3  |    |
# |----+----+----+----+----+----+----+----+----+
# | 1  | 5  | 2  | 4  | 3  | 8  | 7  | 9  | 6  |
# |----+----+----+----+----+----+----+----+----+
# | 4  | 9  | 3  | 6  | 8  | 1  | 2  | 7  | 5  |
# |----+----+----+----+----+----+----+----+----+
# | 3  | 2  | 6  | 9  | 5  | 4  | 8  | 1  | 7  |
# |----+----+----+----+----+----+----+----+----+
# | 9  | 3  | 5  | 7  | 4  | 6  | 1  | 8  | 2  |
# |----+----+----+----+----+----+----+----+----+
# | 8  | 7  | 9  | 3  | 6  |    | 4  | 5  | 1  |
# |----+----+----+----+----+----+----+----+----+
# | 5  | 6  | 7  | 1  | 2  | 3  | 9  |    | 8  |
# |----+----+----+----+----+----+----+----+----+
