solveTime = 0.0
isOptimal = true
solution = [0.0 0.0 0.0 0.0 0.0 0.0; 0.0 0.0 0.0 0.0 0.0 0.0; 0.0 0.0 0.0 0.0 1.0 0.0; 0.0 0.0 0.0 0.0 0.0 0.0; 1.0 0.0 0.0 0.0 0.0 0.0; 0.0 0.0 0.0 0.0 0.0 0.0]
# solution trouvée
# |----+----+----+----+----+----+
# | 4  | 6  | 1  | 3  | 2  | 5  |
# |----+----+----+----+----+----+
# | 2  | 5  | 4  | 1  | 3  | 6  |
# |----+----+----+----+----+----+
# | 1  | 3  | 6  | 4  |    | 2  |
# |----+----+----+----+----+----+
# | 3  | 4  | 2  | 5  | 6  | 1  |
# |----+----+----+----+----+----+
# |    | 2  | 5  | 6  | 1  | 3  |
# |----+----+----+----+----+----+
# | 6  | 1  | 3  | 2  | 5  | 4  |
# |----+----+----+----+----+----+
