solveTime = 0.0
isOptimal = true
solution = [0.0 0.0 0.0 0.0 0.0 0.0 0.0 0.0; 0.0 0.0 0.0 0.0 0.0 0.0 0.0 0.0; 0.0 0.0 0.0 0.0 0.0 0.0 0.0 0.0; 0.0 0.0 0.0 0.0 0.0 0.0 0.0 0.0; 0.0 0.0 0.0 0.0 0.0 0.0 0.0 0.0; 0.0 0.0 0.0 0.0 0.0 1.0 0.0 0.0; 0.0 0.0 0.0 1.0 0.0 0.0 0.0 0.0; 0.0 0.0 0.0 0.0 0.0 0.0 0.0 1.0]
# solution trouvée
# |----+----+----+----+----+----+----+----+
# | 7  | 3  | 5  | 8  | 4  | 2  | 6  | 1  |
# |----+----+----+----+----+----+----+----+
# | 8  | 7  | 2  | 4  | 3  | 6  | 1  | 5  |
# |----+----+----+----+----+----+----+----+
# | 2  | 1  | 4  | 5  | 7  | 8  | 3  | 6  |
# |----+----+----+----+----+----+----+----+
# | 6  | 2  | 1  | 7  | 5  | 3  | 4  | 8  |
# |----+----+----+----+----+----+----+----+
# | 4  | 5  | 7  | 6  | 8  | 1  | 2  | 3  |
# |----+----+----+----+----+----+----+----+
# | 1  | 8  | 3  | 2  | 6  |    | 7  | 4  |
# |----+----+----+----+----+----+----+----+
# | 5  | 4  | 6  |    | 1  | 7  | 8  | 2  |
# |----+----+----+----+----+----+----+----+
# | 3  | 6  | 8  | 1  | 2  | 4  | 5  |    |
# |----+----+----+----+----+----+----+----+
