solveTime = 0.0
isOptimal = true
solution = [0.0 0.0 0.0 0.0 0.0 0.0; 0.0 0.0 0.0 0.0 0.0 0.0; 0.0 1.0 0.0 0.0 0.0 0.0; 0.0 0.0 0.0 0.0 0.0 0.0; 1.0 0.0 0.0 0.0 0.0 0.0; 0.0 0.0 0.0 0.0 0.0 1.0]
# solution trouvée
# |----+----+----+----+----+----+
# | 1  | 5  | 2  | 3  | 4  | 6  |
# |----+----+----+----+----+----+
# | 2  | 6  | 5  | 4  | 3  | 1  |
# |----+----+----+----+----+----+
# | 6  |    | 1  | 2  | 5  | 3  |
# |----+----+----+----+----+----+
# | 3  | 1  | 6  | 5  | 2  | 4  |
# |----+----+----+----+----+----+
# |    | 3  | 4  | 6  | 1  | 5  |
# |----+----+----+----+----+----+
# | 5  | 2  | 3  | 1  | 6  |    |
# |----+----+----+----+----+----+
